17:40:38.558 -> 259002,255,1.250,21.93,279,1.365,23.76
17:40:39.558 -> 260005,226,1.108,21.94,224,1.099,22.75
17:40:40.558 -> 260926,233,1.142,21.74,254,1.243,22.54
17:40:41.558 -> 262015,195,0.956,22.30,260,1.275,22.92
17:40:42.558 -> 262965,246,1.207,21.29,254,1.246,23.06
17:40:43.558 -> 263954,234,1.147,22.96,224,1.097,23.56
17:40:44.558 -> 264861,251,1.229,21.68,245,1.198,22.92
17:40:45.558 -> 265866,262,1.282,21.39,270,1.321,22.02
17:40:46.558 -> 266955,236,1.154,22.03,262,1.282,23.60
17:40:47.558 -> 268044,249,1.217,22.16,281,1.375,22.08
17:40:48.558 -> 269097,224,1.099,21.21,281,1.377,22.73
17:40:49.558 -> 270041,247,1.210,22.21,246,1.205,22.48
17:40:50.558 -> 270973,231,1.132,22.31,287,1.403,23.47
17:40:51.558 -> 271944,259,1.270,22.09,279,1.366,23.12
17:40:52.558 -> 272880,227,1.110,21.94,296,1.447,22.44
17:40:53.558 -> 273880,262,1.281,22.68,264,1.293,23.50
17:40:54.558 -> 274903,226,1.107,22.39,253,1.239,23.17
17:40:55.558 -> 275953,216,1.058,22.52,284,1.390,23.01
17:40:56.558 -> 276880,263,1.287,23.14,299,1.462,23.41
17:40:57.558 -> 277809,264,1.292,22.16,255,1.247,23.26
17:40:58.558 -> 278898,238,1.166,22.38,259,1.267,22.57
17:40:59.558 -> 279800,240,1.174,21.82,292,1.427,22.85
17:41:00.558 -> 280750,245,1.201,21.88,237,1.158,22.79
17:41:01.558 -> 281829,226,1.109,21.59,256,1.252,22.72
17:41:02.558 -> 282841,250,1.226,21.96,226,1.108,22.99
17:41:03.558 -> 283869,244,1.194,22.17,264,1.292,22.88
17:41:04.558 -> 284928,233,1.143,21.79,272,1.334,23.00
17:41:05.558 -> 285865,229,1.124,22.08,238,1.168,22.67
17:41:06.558 -> 286908,274,1.340,21.30,277,1.359,24.10
17:41:07.558 -> 287954,235,1.151,22.46,300,1.471,23.44
17:41:08.558 -> 289014,263,1.289,22.30,251,1.228,22.87
17:41:09.558 -> 290098,254,1.243,20.77,275,1.348,23.46
17:41:10.558 -> 291057,238,1.164,22.28,287,1.404,23.26
17:41:11.558 -> 292055,246,1.206,22.25,262,1.285,23.09
17:41:12.558 -> 293115,262,1.282,22.24,260,1.271,23.53
17:41:13.558 -> 294107,231,1.132,22.12,271,1.329,22.64
17:41:14.558 -> 295195,225,1.101,21.45,207,1.012,22.60
17:41:15.558 -> 296242,260,1.273,21.52,250,1.225,22.43
17:41:16.558 -> 297317,273,1.334,21.63,246,1.204,23.55
17:41:17.558 -> 298254,240,1.175,21.62,247,1.211,22.59
17:41:18.558 -> 299174,245,1.199,22.21,263,1.286,23.44
17:41:19.558 -> 300134,301,1.473,22.05,237,1.159,22.98
17:41:20.558 -> 301079,302,1.478,21.98,265,1.299,23.10
17:41:21.558 -> 302077,240,1.178,22.36,275,1.347,22.96
17:41:22.558 -> 302994,226,1.105,21.70,263,1.289,22.13
17:41:23.558 -> 303917,260,1.271,22.05,278,1.363,23.88
17:41:24.558 -> 304946,258,1.264,21.46,239,1.169,22.62
17:41:25.558 -> 305884,263,1.288,21.78,274,1.342,22.64
17:41:26.558 -> 306796,264,1.291,21.70,272,1.330,23.13
17:41:27.558 -> 307837,221,1.082,22.25,262,1.283,22.66
17:41:28.558 -> 308927,239,1.168,22.38,250,1.223,22.88
17:41:29.558 -> 309884,244,1.196,21.73,229,1.121,23.18
17:41:30.558 -> 310791,237,1.159,22.30,225,1.101,23.21
17:41:31.558 -> 311799,230,1.128,22.34,251,1.227,23.11
17:41:32.558 -> 312842,237,1.163,21.35,250,1.223,23.21
17:41:33.558 -> 313804,245,1.202,22.22,287,1.405,22.69
17:41:34.558 -> 314765,278,1.359,21.78,250,1.227,22.71
17:41:35.558 -> 315665,255,1.250,22.43,241,1.180,22.83
17:41:36.558 -> 316753,213,1.045,21.83,269,1.318,23.29
17:41:37.558 -> 317728,253,1.238,22.83,238,1.167,23.92
17:41:38.558 -> 318696,221,1.082,22.11,259,1.266,22.59
17:41:39.558 -> 319696,239,1.172,21.70,254,1.245,23.55
17:41:40.558 -> 320733,278,1.363,21.28,256,1.256,23.07
17:41:41.558 -> 321636,246,1.206,23.17,274,1.340,23.45
17:41:42.558 -> 322675,257,1.257,22.07,289,1.417,23.27
17:41:43.558 -> 323675,277,1.359,21.38,309,1.513,22.02
17:41:44.558 -> 324603,268,1.314,22.22,242,1.186,23.30
17:41:45.558 -> 325592,235,1.151,22.10,284,1.388,22.77
17:41:46.558 -> 326605,220,1.076,21.59,305,1.495,22.98
17:41:47.558 -> 327668,263,1.290,22.15,282,1.381,23.31
17:41:48.558 -> 328663,256,1.255,21.64,229,1.121,22.39
17:41:49.558 -> 329575,256,1.255,21.90,261,1.278,23.55
17:41:50.558 -> 330558,227,1.114,22.40,278,1.363,21.87
17:41:51.558 -> 331597,234,1.148,22.47,261,1.276,23.43
17:41:52.558 -> 332607,253,1.239,21.94,261,1.280,24.01
17:41:53.558 -> 333687,268,1.312,23.07,258,1.266,23.12
17:41:54.558 -> 334661,231,1.130,22.00,223,1.091,23.89
17:41:55.558 -> 335738,258,1.261,22.68,257,1.257,23.10
17:41:56.558 -> 336723,213,1.042,22.04,287,1.406,23.12
17:41:57.558 -> 337713,230,1.128,21.89,272,1.331,23.74
17:41:58.558 -> 338738,229,1.121,21.41,233,1.141,22.79
17:41:59.558 -> 339827,252,1.232,21.59,276,1.352,23.77
17:42:00.558 -> 340843,234,1.145,20.77,267,1.306,22.58
17:42:01.558 -> 341888,246,1.207,22.49,275,1.347,23.03
17:42:02.558 -> 342972,235,1.153,21.72,247,1.210,23.76
17:42:03.558 -> 343993,242,1.186,21.70,259,1.269,22.63
17:42:04.558 -> 344993,242,1.184,21.32,287,1.403,22.09
17:42:05.558 -> 346049,252,1.234,22.94,285,1.395,22.71
17:42:06.558 -> 346958,243,1.188,22.32,281,1.378,23.08
17:42:07.558 -> 347943,269,1.318,21.77,230,1.129,23.68
17:42:08.558 -> 349039,250,1.226,22.62,270,1.322,22.76
17:42:09.558 -> 350048,276,1.352,22.16,259,1.269,22.20
17:42:10.558 -> 350979,228,1.115,21.53,272,1.333,22.87
17:42:11.558 -> 351928,245,1.200,21.79,292,1.428,22.95
17:42:12.558 -> 352884,248,1.217,22.58,286,1.403,23.08
17:42:13.558 -> 353925,233,1.144,23.27,294,1.440,22.81
17:42:14.558 -> 354854,225,1.104,22.34,287,1.406,22.12
17:42:15.558 -> 355832,227,1.113,22.06,273,1.336,23.86
17:42:16.558 -> 356800,278,1.363,21.31,231,1.130,22.97
17:42:17.558 -> 357814,245,1.199,22.20,288,1.412,22.28
17:42:18.558 -> 358857,201,0.983,23.02,229,1.124,23.75
17:42:19.558 -> 359951,222,1.090,22.24,281,1.375,22.85
17:42:20.558 -> 360871,255,1.247,22.01,238,1.163,23.25
17:42:21.558 -> 361860,234,1.147,21.60,263,1.289,22.48
17:42:22.558 -> 362815,220,1.078,21.42,265,1.296,22.55
17:42:23.558 -> 363894,243,1.189,21.89,278,1.361,23.38
17:42:24.558 -> 364871,234,1.145,21.39,314,1.537,22.84
17:42:25.558 -> 365877,279,1.364,21.88,277,1.358,23.16
17:42:26.558 -> 366791,225,1.103,22.04,297,1.452,21.77
17:42:27.558 -> 367707,251,1.229,21.76,271,1.326,22.35
17:42:28.558 -> 368673,232,1.135,21.46,300,1.469,23.44
17:42:29.558 -> 369683,239,1.170,23.09,297,1.456,23.28
17:42:30.558 -> 370588,236,1.156,22.79,258,1.261,22.67
17:42:31.558 -> 371685,250,1.223,22.42,265,1.299,22.18
17:42:32.558 -> 372659,216,1.060,22.28,252,1.235,22.76
17:42:33.558 -> 373737,249,1.217,22.45,265,1.299,23.23
17:42:34.558 -> 374809,257,1.257,22.42,230,1.125,24.31
17:42:35.558 -> 375728,231,1.134,22.29,250,1.224,22.10
17:42:36.558 -> 376664,236,1.154,21.85,234,1.148,23.40
17:42:37.558 -> 377697,261,1.276,22.01,284,1.388,22.16
17:42:38.558 -> 378661,227,1.114,21.81,286,1.401,22.71
17:42:39.558 -> 379655,244,1.193,21.49,292,1.429,23.23
17:42:40.558 -> 380618,248,1.217,22.04,275,1.349,23.79
17:42:41.558 -> 381552,257,1.258,22.25,281,1.376,23.32
17:42:42.558 -> 382583,253,1.239,21.79,271,1.329,24.04
17:42:43.558 -> 383586,262,1.282,21.15,255,1.250,23.95
17:42:44.558 -> 384628,231,1.132,20.88,287,1.405,22.58
17:42:45.558 -> 385580,207,1.014,22.50,280,1.369,21.83
17:42:46.558 -> 386671,250,1.224,22.39,235,1.152,23.57
17:42:47.558 -> 387725,280,1.371,21.98,282,1.383,23.50
17:42:48.558 -> 388662,276,1.351,22.20,258,1.265,23.41
17:42:49.558 -> 389576,199,0.976,22.34,312,1.526,22.53
17:42:50.558 -> 390605,236,1.156,22.19,281,1.376,22.54
17:42:51.558 -> 391531,246,1.203,21.93,300,1.471,23.26
17:42:52.558 -> 392630,223,1.094,21.74,269,1.317,23.42
17:42:53.558 -> 393633,211,1.032,21.70,281,1.376,23.11
17:42:54.558 -> 394600,295,1.445,22.06,268,1.311,23.36
17:42:55.558 -> 395550,270,1.320,22.34,253,1.237,22.91
17:42:56.558 -> 396495,249,1.218,22.05,264,1.291,23.39
17:42:57.558 -> 397395,232,1.137,21.75,274,1.342,22.81
17:42:58.558 -> 398347,246,1.206,22.55,231,1.131,23.76
17:42:59.558 -> 399321,267,1.307,21.71,283,1.385,21.84
17:43:00.558 -> 400348,244,1.193,22.40,283,1.384,22.98
17:43:01.558 -> 401446,240,1.174,21.25,260,1.275,22.86
17:43:02.558 -> 402459,266,1.304,21.65,247,1.209,22.64
17:43:03.558 -> 403547,224,1.098,22.26,249,1.220,22.92
17:43:04.558 -> 404625,233,1.142,21.54,248,1.213,22.19
17:43:05.558 -> 405697,249,1.220,21.93,254,1.243,22.73
17:43:06.558 -> 406711,267,1.309,21.80,232,1.135,23.35
17:43:07.558 -> 407776,273,1.339,20.67,223,1.092,22.38
17:43:08.558 -> 408806,238,1.164,22.12,254,1.243,22.89
17:43:09.558 -> 409792,216,1.059,21.61,243,1.189,23.88
17:43:10.558 -> 410878,240,1.174,22.51,232,1.138,23.17
17:43:11.558 -> 411828,298,1.457,22.07,282,1.381,22.06
17:43:12.558 -> 412805,220,1.078,22.36,261,1.276,22.81
17:43:13.558 -> 413759,271,1.325,22.21,260,1.272,22.47
17:43:14.558 -> 414788,211,1.033,22.88,240,1.176,22.59
17:43:15.558 -> 415824,238,1.167,21.95,256,1.252,23.51
17:43:16.558 -> 416851,209,1.025,21.73,285,1.397,22.98
17:43:17.558 -> 417944,244,1.194,21.33,300,1.470,23.04
17:43:18.558 -> 418847,217,1.065,22.37,269,1.317,22.91
17:43:19.558 -> 419788,268,1.310,22.58,268,1.312,23.66
17:43:20.558 -> 420809,212,1.037,22.28,307,1.501,23.36
17:43:21.558 -> 421739,234,1.144,22.16,257,1.258,22.68
17:43:22.558 -> 422837,250,1.226,22.49,300,1.467,23.51
17:43:23.558 -> 423782,269,1.319,22.13,294,1.440,22.75
17:43:24.558 -> 424830,238,1.165,22.10,236,1.157,23.29
17:43:25.558 -> 425783,240,1.177,22.60,270,1.323,23.22
17:43:26.558 -> 426715,288,1.408,21.85,267,1.310,23.09
17:43:27.558 -> 427695,251,1.230,21.14,271,1.328,22.86
17:43:28.558 -> 428667,297,1.456,21.95,289,1.415,22.65
17:43:29.558 -> 429608,249,1.218,21.83,306,1.498,22.98
17:43:30.558 -> 430694,229,1.120,21.96,259,1.269,22.67
17:43:31.558 -> 431676,243,1.193,22.31,269,1.318,22.33
17:43:32.558 -> 432773,262,1.282,22.31,292,1.429,23.53
17:43:33.558 -> 433704,273,1.335,22.51,268,1.314,22.81
17:43:34.558 -> 434738,254,1.243,22.10,271,1.327,22.36
17:43:35.558 -> 435804,254,1.245,21.89,289,1.413,22.96
17:43:36.558 -> 436855,273,1.336,20.64,293,1.435,23.65
17:43:37.558 -> 437922,236,1.157,21.85,270,1.322,22.76
17:43:38.558 -> 438825,202,0.992,21.36,293,1.433,23.16
17:43:39.558 -> 439894,232,1.135,22.52,283,1.387,23.14
17:43:40.558 -> 440806,241,1.178,22.50,271,1.326,22.99
17:43:41.558 -> 441767,260,1.271,22.02,291,1.422,22.66
17:43:42.558 -> 442769,292,1.430,21.82,256,1.255,23.73
17:43:43.558 -> 443788,281,1.374,22.08,265,1.299,22.93
17:43:44.558 -> 444775,224,1.099,21.47,226,1.107,22.40
17:43:45.558 -> 445737,232,1.135,22.40,271,1.327,23.03
17:43:46.558 -> 446688,244,1.195,22.34,243,1.188,23.19
17:43:47.558 -> 447697,242,1.185,21.67,256,1.252,23.30
17:43:48.558 -> 448599,232,1.136,21.73,253,1.238,22.72
17:43:49.558 -> 449507,255,1.247,22.25,240,1.175,23.29
17:43:50.558 -> 450409,237,1.163,21.41,282,1.380,23.52
17:43:51.558 -> 451381,234,1.145,22.32,270,1.320,22.24
17:43:52.558 -> 452475,199,0.975,21.56,262,1.282,22.12
17:43:53.558 -> 453498,256,1.254,22.54,248,1.215,23.05
17:43:54.558 -> 454595,217,1.062,21.63,265,1.297,23.90
17:43:55.558 -> 455534,264,1.291,22.02,304,1.487,23.41
17:43:56.558 -> 456601,211,1.036,22.23,270,1.324,23.15
17:43:57.558 -> 457545,232,1.136,21.76,256,1.254,22.52
17:43:58.558 -> 458451,267,1.307,22.58,294,1.438,23.32
17:43:59.558 -> 459432,266,1.304,21.95,270,1.323,22.92
17:44:00.558 -> 460344,254,1.242,22.20,261,1.277,23.00
17:44:01.558 -> 461431,249,1.219,22.02,238,1.164,23.37
17:44:02.558 -> 462393,237,1.161,21.66,265,1.295,22.84
17:44:03.558 -> 463440,221,1.081,21.80,281,1.377,23.34
17:44:04.558 -> 464489,236,1.155,22.10,287,1.407,22.49
17:44:05.558 -> 465568,240,1.177,22.92,253,1.241,23.96
17:44:06.558 -> 466641,277,1.357,21.97,254,1.244,23.94
17:44:07.558 -> 467615,259,1.268,21.98,292,1.430,23.05
17:44:08.558 -> 468535,268,1.312,22.66,261,1.278,22.43
17:44:09.558 -> 469596,207,1.015,21.72,289,1.416,22.54
17:44:10.558 -> 470567,219,1.075,22.72,264,1.292,23.56
17:44:11.558 -> 471665,236,1.158,21.76,299,1.463,21.76
17:44:12.558 -> 472717,226,1.106,22.16,291,1.425,23.25
17:44:13.558 -> 473804,216,1.057,22.30,235,1.151,23.16
17:44:14.558 -> 474842,248,1.213,21.66,283,1.384,22.67
17:44:15.558 -> 475907,285,1.396,21.81,272,1.333,22.96
17:44:16.558 -> 476942,266,1.302,21.45,273,1.337,23.24
17:44:17.558 -> 477895,264,1.294,22.42,259,1.268,23.02
17:44:18.558 -> 478891,276,1.350,22.44,261,1.278,23.01
17:44:19.558 -> 479906,227,1.112,22.02,260,1.273,22.96
17:44:20.558 -> 480911,217,1.061,21.45,284,1.392,23.28
17:44:21.558 -> 481924,274,1.340,22.46,267,1.306,22.68
17:44:22.558 -> 482907,271,1.327,22.28,259,1.266,24.21
17:44:23.558 -> 483933,289,1.416,22.59,263,1.290,23.75
17:44:24.558 -> 484877,281,1.374,22.10,252,1.235,22.76
17:44:25.558 -> 485895,213,1.044,22.53,300,1.467,22.90
17:44:26.558 -> 486850,234,1.144,21.96,239,1.169,23.60
17:44:27.558 -> 487842,246,1.204,22.06,278,1.361,22.49
17:44:28.558 -> 488900,218,1.066,21.81,259,1.266,23.18
17:44:29.558 -> 489925,268,1.313,21.86,294,1.438,23.38
17:44:30.558 -> 490890,250,1.222,22.52,300,1.468,22.77
17:44:31.558 -> 491920,272,1.332,22.22,247,1.211,22.32
17:44:32.558 -> 492827,275,1.348,22.69,253,1.237,23.20
17:44:33.558 -> 493728,279,1.366,21.23,237,1.161,23.72
17:44:34.558 -> 494687,252,1.232,21.85,232,1.135,22.97
17:44:35.558 -> 495656,278,1.361,21.18,303,1.481,23.44
17:44:36.558 -> 496560,218,1.067,22.54,287,1.405,22.85
17:44:37.558 -> 497654,268,1.311,21.65,234,1.144,22.86
17:44:38.558 -> 498658,206,1.008,21.67,305,1.495,22.71
17:44:39.558 -> 499621,213,1.044,21.79,296,1.450,23.43
17:44:40.558 -> 500685,218,1.070,21.24,232,1.136,23.60
17:44:41.558 -> 501718,259,1.271,22.49,288,1.409,22.92
17:44:42.558 -> 502654,240,1.174,21.90,264,1.293,22.98
17:44:43.558 -> 503732,242,1.187,21.48,262,1.281,23.22
17:44:44.558 -> 504809,264,1.292,22.17,286,1.400,21.55
17:44:45.558 -> 505793,254,1.243,20.96,250,1.227,23.25
17:44:46.558 -> 506778,251,1.228,21.67,287,1.407,22.92
17:44:47.558 -> 507835,261,1.281,21.39,264,1.295,23.10
17:44:48.558 -> 508810,294,1.440,21.97,270,1.320,23.53
17:44:49.558 -> 509740,249,1.220,21.87,269,1.318,23.38
17:44:50.558 -> 510833,223,1.091,22.82,250,1.223,23.15
17:44:51.558 -> 511809,244,1.194,22.16,272,1.332,23.21
17:44:52.558 -> 512840,233,1.140,21.84,291,1.422,23.35
17:44:53.558 -> 513822,266,1.305,22.28,280,1.372,23.32
17:44:54.558 -> 514864,238,1.168,22.47,286,1.398,22.33
17:44:55.558 -> 515856,272,1.334,22.79,224,1.098,23.54
17:44:56.558 -> 516766,213,1.045,21.85,239,1.171,22.70
17:44:57.558 -> 517668,279,1.364,22.50,251,1.231,24.13
17:44:58.558 -> 518611,258,1.262,22.03,267,1.309,22.41
17:44:59.558 -> 519618,196,0.958,21.73,299,1.462,23.16
17:45:00.558 -> 520532,261,1.276,22.14,268,1.310,22.97
17:45:01.558 -> 521627,243,1.190,21.30,256,1.253,22.79
17:45:02.558 -> 522561,227,1.113,21.51,285,1.397,22.69
17:45:03.558 -> 523537,228,1.117,22.08,251,1.228,23.78
17:45:04.558 -> 524510,225,1.102,21.89,277,1.355,22.52
17:45:05.558 -> 525598,234,1.146,22.26,285,1.395,22.67
17:45:06.558 -> 526603,274,1.340,21.96,254,1.242,23.03
17:45:07.558 -> 527517,250,1.225,23.13,293,1.433,23.21
17:45:08.558 -> 528453,216,1.060,22.87,240,1.176,22.65
17:45:09.558 -> 529441,267,1.307,21.54,274,1.344,23.45
17:45:10.558 -> 530515,250,1.224,21.61,311,1.522,22.38
17:45:11.558 -> 531564,255,1.250,21.82,316,1.547,22.05
17:45:12.558 -> 532601,246,1.204,21.93,285,1.396,24.11
17:45:13.558 -> 533646,260,1.273,21.32,279,1.367,22.23
17:45:14.558 -> 534569,216,1.056,21.04,285,1.398,23.55
17:45:15.558 -> 535565,257,1.257,22.81,258,1.262,22.90
17:45:16.558 -> 536660,212,1.037,22.79,236,1.156,22.39
17:45:17.558 -> 537719,270,1.324,21.89,255,1.248,23.10
17:45:18.558 -> 538743,266,1.303,22.05,275,1.346,24.06
17:45:19.558 -> 539744,217,1.064,21.91,263,1.286,22.74
17:45:20.558 -> 540687,279,1.367,22.21,251,1.229,22.97
17:45:21.558 -> 541744,272,1.331,22.35,259,1.267,22.41
17:45:22.558 -> 542646,277,1.358,21.85,292,1.431,22.39
17:45:23.558 -> 543694,223,1.091,21.84,290,1.421,23.07
17:45:24.558 -> 544609,240,1.176,21.80,274,1.343,23.17
17:45:25.558 -> 545613,220,1.076,22.01,252,1.232,22.41
17:45:26.558 -> 546708,207,1.016,22.25,243,1.190,21.92
17:45:27.558 -> 547619,252,1.237,22.70,225,1.101,23.61
17:45:28.558 -> 548698,236,1.156,22.58,277,1.357,23.30
17:45:29.558 -> 549791,234,1.145,22.49,280,1.371,23.06
17:45:30.558 -> 550815,245,1.197,22.41,294,1.439,23.28
17:45:31.558 -> 551850,251,1.229,21.94,276,1.351,23.50
17:45:32.558 -> 552761,264,1.295,20.31,263,1.289,22.97
17:45:33.558 -> 553806,244,1.193,22.24,267,1.306,22.01
17:45:34.558 -> 554736,260,1.273,21.77,232,1.134,23.63
17:45:35.558 -> 555708,231,1.131,21.97,254,1.244,22.79
17:45:36.558 -> 556704,231,1.129,22.43,277,1.355,22.54
17:45:37.558 -> 557655,248,1.216,22.00,274,1.344,23.60
17:45:38.558 -> 558670,255,1.249,21.49,275,1.347,23.37
17:45:39.558 -> 559583,280,1.371,21.47,273,1.338,21.91
17:45:40.558 -> 560561,237,1.159,21.42,261,1.277,22.48
17:45:41.558 -> 561473,281,1.375,22.40,275,1.346,22.40
17:45:42.558 -> 562563,245,1.198,22.29,268,1.312,22.51
17:45:43.558 -> 563544,209,1.026,22.00,258,1.261,23.28
17:45:44.558 -> 564464,198,0.970,21.78,248,1.213,21.86
17:45:45.558 -> 565421,251,1.229,21.63,261,1.280,22.81
17:45:46.558 -> 566328,262,1.281,21.64,265,1.298,23.66
17:45:47.558 -> 567315,251,1.228,22.40,252,1.236,23.08
17:45:48.558 -> 568393,244,1.197,22.13,282,1.379,23.61
17:45:49.558 -> 569427,217,1.065,21.51,290,1.420,22.67
17:45:50.558 -> 570422,233,1.139,22.60,291,1.424,21.90
17:45:51.558 -> 571402,242,1.187,21.64,266,1.303,22.58
17:45:52.558 -> 572479,265,1.300,21.62,236,1.158,23.75
17:45:53.558 -> 573492,241,1.179,21.94,265,1.297,23.29
17:45:54.558 -> 574404,229,1.122,21.81,245,1.199,22.97
17:45:55.558 -> 575314,276,1.353,22.25,276,1.354,23.54
17:45:56.558 -> 576327,228,1.117,22.10,283,1.386,21.94
17:45:57.558 -> 577348,240,1.178,21.86,272,1.331,23.41
17:45:58.558 -> 578396,251,1.230,22.13,283,1.384,22.59
17:45:59.558 -> 579445,219,1.071,22.12,262,1.285,22.82
17:46:00.558 -> 580495,253,1.240,21.67,255,1.247,23.29
17:46:01.558 -> 581578,255,1.249,22.36,313,1.530,23.54
17:46:02.558 -> 582588,227,1.114,22.12,286,1.400,23.10
17:46:03.558 -> 583490,249,1.221,21.40,278,1.360,23.38
17:46:04.558 -> 584517,271,1.329,21.79,271,1.326,22.30
17:46:05.558 -> 585553,254,1.243,22.59,245,1.201,23.74
17:46:06.558 -> 586614,242,1.187,22.01,249,1.222,23.32
17:46:07.558 -> 587583,261,1.277,22.56,278,1.363,23.24
17:46:08.558 -> 588636,228,1.118,20.95,278,1.359,23.17
17:46:09.558 -> 589592,216,1.058,21.12,234,1.147,23.63
17:46:10.558 -> 590494,215,1.056,21.17,266,1.303,23.54
17:46:11.558 -> 591417,248,1.213,21.66,304,1.486,23.94
17:46:12.558 -> 592365,266,1.302,22.30,281,1.378,22.72
17:46:13.558 -> 593322,225,1.101,22.19,287,1.407,23.42
17:46:14.558 -> 594315,264,1.295,22.34,209,1.023,23.40
17:46:15.558 -> 595261,230,1.128,21.07,264,1.292,22.94
17:46:16.558 -> 596303,224,1.098,22.93,290,1.422,23.29
17:46:17.558 -> 597346,268,1.315,21.85,290,1.420,22.03
17:46:18.558 -> 598363,251,1.230,21.31,280,1.372,23.84
17:46:19.558 -> 599432,248,1.214,21.12,272,1.332,22.93
17:46:20.558 -> 600380,237,1.159,22.26,251,1.231,21.89
17:46:21.558 -> 601405,259,1.269,21.95,284,1.391,23.71
17:46:22.558 -> 602374,244,1.197,22.89,299,1.466,22.77
17:46:23.558 -> 603431,239,1.173,21.50,264,1.295,23.41
17:46:24.558 -> 604436,263,1.289,21.65,264,1.293,23.12
17:46:25.558 -> 605442,235,1.152,22.36,269,1.317,22.92
17:46:26.558 -> 606468,247,1.210,21.43,229,1.124,22.49
17:46:27.558 -> 607543,261,1.279,21.55,244,1.194,23.07
17:46:28.558 -> 608607,213,1.044,21.74,282,1.379,22.37
17:46:29.558 -> 609695,218,1.067,23.21,267,1.308,23.17
17:46:30.558 -> 610675,230,1.127,21.59,270,1.320,23.57
17:46:31.558 -> 611672,266,1.301,20.86,270,1.324,23.71
17:46:32.558 -> 612573,243,1.192,21.59,240,1.173,22.97
17:46:33.558 -> 613548,222,1.088,22.33,299,1.463,22.87
17:46:34.558 -> 614639,245,1.202,21.64,262,1.282,23.69
17:46:35.558 -> 615692,245,1.199,22.73,283,1.384,22.82
17:46:36.558 -> 616670,269,1.316,21.62,236,1.155,23.05
17:46:37.558 -> 617666,239,1.171,21.22,284,1.388,22.96
17:46:38.558 -> 618688,271,1.326,21.77,249,1.220,21.94
17:46:39.558 -> 619628,272,1.331,21.72,228,1.117,23.10
17:46:40.558 -> 620703,283,1.387,22.54,256,1.255,23.64
17:46:41.558 -> 621732,246,1.205,22.48,307,1.502,22.08
17:46:42.558 -> 622671,262,1.283,21.79,260,1.273,23.24
17:46:43.558 -> 623730,297,1.454,22.09,264,1.291,22.84
17:46:44.558 -> 624648,225,1.104,22.21,308,1.506,22.47
17:46:45.558 -> 625610,249,1.219,22.12,276,1.352,23.00
17:46:46.558 -> 626665,223,1.094,21.98,247,1.208,23.59
17:46:47.558 -> 627589,241,1.181,22.49,290,1.419,24.29
17:46:48.558 -> 628497,235,1.150,22.28,271,1.329,22.96
17:46:49.558 -> 629535,248,1.217,22.66,245,1.199,23.57
17:46:50.558 -> 630565,251,1.228,22.37,243,1.189,22.58
17:46:51.558 -> 631654,246,1.207,22.52,256,1.254,22.85
17:46:52.558 -> 632635,233,1.140,22.82,271,1.325,23.21
17:46:53.558 -> 633603,261,1.276,22.63,234,1.148,23.62
17:46:54.558 -> 634670,254,1.243,22.19,255,1.251,23.15
17:46:55.558 -> 635755,255,1.247,21.50,261,1.278,22.70
17:46:56.558 -> 636796,205,1.006,22.06,287,1.403,22.34
17:46:57.558 -> 637829,241,1.180,22.15,271,1.328,23.37
17:46:58.558 -> 638766,259,1.267,22.95,263,1.287,22.51
17:46:59.558 -> 639743,233,1.143,21.34,261,1.276,22.49
17:47:00.558 -> 640744,237,1.162,21.99,257,1.259,22.97
17:47:01.558 -> 641813,260,1.271,21.78,276,1.351,22.87
17:47:02.558 -> 642785,262,1.284,22.25,266,1.304,23.08
17:47:03.558 -> 643826,263,1.289,21.74,279,1.366,22.81
17:47:04.558 -> 644734,237,1.162,21.86,263,1.288,22.89
17:47:05.558 -> 645820,245,1.198,21.85,282,1.380,22.19
17:47:06.558 -> 646805,258,1.266,22.76,258,1.264,23.40
17:47:07.558 -> 647773,243,1.190,21.92,267,1.307,23.58
17:47:08.558 -> 648861,228,1.119,21.64,301,1.472,22.96
17:47:09.558 -> 649910,222,1.088,21.95,245,1.201,22.77
17:47:10.558 -> 650941,278,1.361,22.66,299,1.464,23.37
17:47:11.558 -> 651907,228,1.119,22.19,280,1.373,22.66
17:47:12.558 -> 652807,254,1.242,22.07,296,1.448,23.31
17:47:13.558 -> 653733,232,1.138,21.23,268,1.311,22.77
17:47:14.558 -> 654667,236,1.157,21.65,237,1.159,22.96
17:47:15.558 -> 655615,219,1.071,20.68,285,1.396,24.18
17:47:16.558 -> 656621,267,1.308,21.71,275,1.348,24.37
17:47:17.558 -> 657579,233,1.142,22.43,268,1.313,23.67
17:47:18.558 -> 658625,738,3.608,8.01,734,3.590,8.47
17:47:19.558 -> 659543,731,3.576,7.96,688,3.363,7.94
17:47:20.558 -> 660603,733,3.583,7.91,711,3.477,9.27
17:47:21.558 -> 661696,706,3.452,8.07,728,3.561,8.95
17:47:22.558 -> 662751,738,3.608,8.30,681,3.333,8.63
17:47:23.558 -> 663691,734,3.592,8.06,661,3.233,8.05
17:47:24.558 -> 664665,719,3.517,8.22,673,3.291,9.21
17:47:25.558 -> 665762,717,3.506,9.27,689,3.370,8.34
17:47:26.558 -> 666726,717,3.506,7.63,660,3.230,8.18
17:47:27.558 -> 667777,712,3.481,7.62,692,3.383,7.76
17:47:28.558 -> 668775,735,3.597,8.21,682,3.335,9.39
17:47:29.558 -> 669782,717,3.508,7.60,701,3.426,9.03
17:47:30.558 -> 670729,726,3.553,8.24,658,3.218,8.15
17:47:31.558 -> 671784,714,3.492,7.83,724,3.540,10.04
17:47:32.558 -> 672831,693,3.389,7.89,689,3.369,8.89
17:47:33.558 -> 673869,720,3.523,6.94,721,3.527,8.25
17:47:34.558 -> 674884,738,3.611,7.41,662,3.237,9.14
17:47:35.558 -> 675828,747,3.651,9.02,696,3.403,8.71
17:47:36.558 -> 676778,707,3.456,7.95,693,3.391,8.31
17:47:37.558 -> 677764,679,3.320,7.82,693,3.391,8.61
17:47:38.558 -> 678722,718,3.513,7.99,678,3.314,8.55
17:47:39.558 -> 679689,713,3.489,8.22,663,3.243,7.94
17:47:40.558 -> 680641,715,3.498,8.20,669,3.273,8.56
17:47:41.558 -> 681591,711,3.478,8.61,673,3.294,8.06
17:47:42.558 -> 682629,716,3.503,7.34,672,3.289,8.87
17:47:43.558 -> 683669,675,3.302,8.37,673,3.293,8.62
17:47:44.558 -> 684720,711,3.479,9.17,701,3.429,8.95
17:47:45.558 -> 685764,690,3.377,8.25,686,3.353,8.45
17:47:46.558 -> 686761,726,3.552,8.14,700,3.426,7.99
17:47:47.558 -> 687844,721,3.527,8.88,688,3.364,8.64
17:47:48.558 -> 688795,728,3.562,7.82,703,3.438,8.49
17:47:49.558 -> 689855,721,3.526,8.52,666,3.255,8.08
17:47:50.558 -> 690933,678,3.319,8.97,710,3.474,8.59
17:47:51.558 -> 691836,713,3.489,8.48,738,3.611,7.92
17:47:52.558 -> 692798,713,3.489,8.70,674,3.298,8.10
17:47:53.558 -> 693728,713,3.486,8.50,743,3.633,8.60
17:47:54.558 -> 694691,734,3.589,8.39,697,3.408,9.04
17:47:55.558 -> 695774,696,3.403,7.31,682,3.337,8.93
17:47:56.558 -> 696816,745,3.645,8.07,720,3.521,7.78
17:47:57.558 -> 697842,724,3.542,7.70,709,3.470,9.09
17:47:58.558 -> 698775,723,3.535,8.34,691,3.378,8.06
17:47:59.558 -> 699773,712,3.484,7.63,681,3.332,8.43
17:48:00.558 -> 700717,759,3.711,8.39,730,3.573,8.84
17:48:01.558 -> 701735,716,3.503,8.30,686,3.354,8.39
17:48:02.558 -> 702647,706,3.453,8.31,671,3.283,8.46
17:48:03.558 -> 703666,693,3.390,8.32,689,3.372,9.01
17:48:04.558 -> 704630,733,3.583,7.90,690,3.374,7.50
17:48:05.558 -> 705560,685,3.352,8.13,725,3.548,8.26
17:48:06.558 -> 706659,716,3.501,8.50,740,3.619,7.85
17:48:07.558 -> 707668,758,3.705,8.41,644,3.148,9.40
17:48:08.558 -> 708626,725,3.548,8.25,717,3.506,9.88
17:48:09.558 -> 709607,700,3.426,8.44,658,3.217,8.49
17:48:10.558 -> 710691,727,3.556,8.41,682,3.334,7.73
17:48:11.558 -> 711640,716,3.500,8.00,688,3.367,8.58
17:48:12.558 -> 712701,673,3.293,7.79,699,3.418,7.97
17:48:13.558 -> 713777,737,3.603,7.67,692,3.384,8.97
17:48:14.558 -> 714833,728,3.560,7.92,680,3.325,8.67
17:48:15.558 -> 715745,748,3.657,7.34,706,3.452,8.09
17:48:16.558 -> 716669,704,3.442,7.58,703,3.438,8.10
17:48:17.558 -> 717610,703,3.438,7.84,708,3.462,9.10
17:48:18.558 -> 718608,716,3.500,7.51,715,3.498,8.35
17:48:19.558 -> 719631,686,3.356,7.90,666,3.260,7.79
17:48:20.558 -> 720660,710,3.471,8.16,651,3.184,9.17
17:48:21.558 -> 721659,728,3.562,7.43,716,3.504,8.46
17:48:22.558 -> 722565,735,3.597,8.80,680,3.326,8.29
17:48:23.558 -> 723529,723,3.537,7.71,688,3.366,9.48
17:48:24.558 -> 724546,709,3.467,8.30,684,3.346,8.42
17:48:25.558 -> 725458,720,3.523,8.74,701,3.430,8.18
17:48:26.558 -> 726468,684,3.347,7.43,691,3.378,7.18
17:48:27.558 -> 727520,729,3.566,7.86,714,3.491,8.03
17:48:28.558 -> 728575,716,3.502,8.27,671,3.282,9.06
17:48:29.558 -> 729649,698,3.413,7.64,680,3.324,8.57
17:48:30.558 -> 730734,711,3.476,8.10,715,3.498,8.13
17:48:31.558 -> 731750,728,3.563,7.39,731,3.577,9.42
17:48:32.558 -> 732849,719,3.516,8.03,699,3.417,8.62
17:48:33.558 -> 733905,706,3.453,7.80,701,3.430,8.78
17:48:34.558 -> 734808,713,3.490,7.18,692,3.382,9.33
17:48:35.558 -> 735766,727,3.554,8.03,691,3.379,8.17
17:48:36.558 -> 736846,731,3.577,8.72,672,3.286,8.03
17:48:37.558 -> 737810,734,3.590,8.03,704,3.444,7.98
17:48:38.558 -> 738756,729,3.564,7.88,690,3.374,7.58
17:48:39.558 -> 739739,719,3.517,7.81,704,3.445,8.60
17:48:40.558 -> 740699,699,3.416,9.04,662,3.239,8.59
17:48:41.558 -> 741644,729,3.565,8.09,701,3.428,9.28
17:48:42.558 -> 742715,704,3.444,7.96,691,3.380,7.88
17:48:43.558 -> 743684,722,3.530,8.34,647,3.162,8.80
17:48:44.558 -> 744770,721,3.529,7.59,642,3.141,8.48
17:48:45.558 -> 745688,717,3.505,8.17,686,3.358,7.69
17:48:46.558 -> 746712,705,3.449,7.71,706,3.454,8.88
17:48:47.558 -> 747619,724,3.543,8.01,682,3.336,8.74
17:48:48.558 -> 748599,701,3.427,8.52,690,3.376,7.73
17:48:49.558 -> 749635,720,3.523,7.40,695,3.399,9.28
17:48:50.558 -> 750705,725,3.546,8.27,713,3.489,7.44
17:48:51.558 -> 751759,717,3.506,7.34,683,3.339,8.88
17:48:52.558 -> 752667,715,3.498,7.76,679,3.320,8.67
17:48:53.558 -> 753633,715,3.499,8.31,636,3.110,9.50
17:48:54.558 -> 754550,745,3.642,7.70,657,3.213,9.00
17:48:55.558 -> 755642,678,3.316,8.81,679,3.320,8.87
17:48:56.558 -> 756720,720,3.521,7.91,664,3.246,9.49
17:48:57.558 -> 757818,678,3.318,7.62,691,3.382,8.59
17:48:58.558 -> 758860,712,3.481,8.46,693,3.387,9.26
17:48:59.558 -> 759871,687,3.358,8.11,678,3.314,7.98
17:49:00.558 -> 760965,708,3.463,8.22,695,3.401,8.85
17:49:01.558 -> 762041,702,3.435,8.61,696,3.406,9.16
17:49:02.558 -> 763121,679,3.322,8.16,685,3.350,8.46
17:49:03.558 -> 764081,730,3.569,6.72,680,3.327,7.99
17:49:04.558 -> 765144,736,3.599,7.92,718,3.511,8.05
17:49:05.558 -> 766233,729,3.567,8.23,660,3.227,8.16
17:49:06.558 -> 767255,704,3.443,8.37,683,3.338,8.31
17:49:07.558 -> 768170,730,3.571,7.62,671,3.283,8.57
17:49:08.558 -> 769078,717,3.509,7.60,678,3.317,8.76
17:49:09.558 -> 770025,731,3.578,7.30,649,3.176,8.35
17:49:10.558 -> 770989,737,3.605,7.50,687,3.362,8.63
17:49:11.558 -> 772082,698,3.415,8.27,694,3.395,8.72
17:49:12.558 -> 773132,738,3.608,8.50,712,3.482,8.46
17:49:13.558 -> 774034,711,3.480,7.97,708,3.464,7.94
17:49:14.558 -> 775125,722,3.531,7.78,681,3.329,9.44
17:49:15.558 -> 776152,667,3.261,7.96,704,3.445,8.23
17:49:16.558 -> 777213,707,3.460,8.15,705,3.449,9.12
17:49:17.558 -> 778233,685,3.348,7.82,713,3.489,8.79
17:49:18.558 -> 779212,762,3.729,8.96,659,3.222,8.17
17:49:19.558 -> 780191,711,3.476,8.13,700,3.424,9.19
17:49:20.558 -> 781205,706,3.452,7.57,709,3.469,8.30
17:49:21.558 -> 782218,700,3.422,8.00,704,3.443,8.41
17:49:22.558 -> 783144,717,3.507,7.68,675,3.300,7.95
17:49:23.558 -> 784112,729,3.568,7.93,716,3.501,8.41
17:49:24.558 -> 785205,705,3.446,7.15,672,3.288,9.12
17:49:25.558 -> 786251,705,3.450,7.37,684,3.344,8.67
17:49:26.558 -> 787167,725,3.547,8.67,695,3.397,8.37
17:49:27.558 -> 788148,718,3.511,7.53,696,3.404,8.69
17:49:28.558 -> 789178,702,3.436,8.85,672,3.289,7.67
17:49:29.558 -> 790151,714,3.492,7.28,676,3.308,8.00
17:49:30.558 -> 791070,699,3.418,8.22,671,3.281,8.67
17:49:31.558 -> 792080,704,3.445,7.86,729,3.567,9.17
17:49:32.558 -> 793006,757,3.705,8.39,677,3.310,9.23
17:49:33.558 -> 794005,740,3.619,8.51,663,3.243,8.96
17:49:34.558 -> 794932,760,3.716,7.51,666,3.256,9.22
17:49:35.558 -> 795914,687,3.362,8.77,697,3.407,8.86
17:49:36.558 -> 796845,713,3.489,8.25,687,3.361,8.71
17:49:37.558 -> 797922,729,3.565,7.44,730,3.570,8.49
17:49:38.558 -> 798836,720,3.523,7.82,692,3.387,8.91
17:49:39.558 -> 799776,717,3.505,8.67,701,3.426,7.74
17:49:40.558 -> 800722,732,3.581,7.51,702,3.436,8.78
17:49:41.558 -> 801799,714,3.493,7.88,690,3.375,8.85
17:49:42.558 -> 802746,730,3.568,8.74,683,3.342,8.62
17:49:43.558 -> 803708,731,3.577,7.83,692,3.387,7.30
17:49:44.558 -> 804727,687,3.360,8.10,724,3.542,8.84
17:49:45.558 -> 805665,708,3.461,8.73,707,3.460,8.21
17:49:46.558 -> 806620,700,3.421,7.31,701,3.430,8.86
17:49:47.558 -> 807687,707,3.458,8.68,702,3.433,8.95
17:49:48.558 -> 808725,756,3.699,7.62,684,3.345,8.93
17:49:49.558 -> 809731,689,3.371,8.21,661,3.234,9.31
17:49:50.558 -> 810796,732,3.579,7.99,700,3.425,8.31
17:49:51.558 -> 811828,690,3.374,8.41,689,3.372,8.36
17:49:52.558 -> 812923,733,3.586,8.48,691,3.379,9.13
17:49:53.558 -> 813845,695,3.399,7.44,697,3.410,7.67
17:49:54.558 -> 814799,733,3.586,7.57,685,3.351,8.78
17:49:55.558 -> 815737,713,3.487,8.16,697,3.409,7.39
17:49:56.558 -> 816805,700,3.426,7.45,685,3.353,9.02
17:49:57.558 -> 817899,724,3.542,8.42,699,3.417,8.58
17:49:58.558 -> 818885,711,3.479,7.98,688,3.363,7.58
17:49:59.558 -> 819929,727,3.556,7.54,687,3.358,8.35
17:50:00.558 -> 820922,728,3.562,8.21,725,3.546,8.58
17:50:01.558 -> 821985,710,3.472,8.21,679,3.322,8.36
17:50:02.558 -> 822931,710,3.475,7.83,677,3.310,8.25
17:50:03.558 -> 824005,687,3.362,7.72,716,3.502,9.54
17:50:04.558 -> 825097,727,3.554,8.18,678,3.315,9.36
17:50:05.558 -> 826089,703,3.438,7.47,741,3.624,9.19
17:50:06.558 -> 827145,695,3.399,8.04,676,3.307,8.63
17:50:07.558 -> 828070,723,3.535,7.98,674,3.298,8.52
17:50:08.558 -> 829031,713,3.487,8.09,640,3.132,8.63
17:50:09.558 -> 830054,769,3.762,7.44,725,3.546,9.00
17:50:10.558 -> 831046,723,3.535,8.29,717,3.505,8.91
17:50:11.558 -> 832144,723,3.536,8.17,652,3.191,8.41
17:50:12.558 -> 833073,689,3.368,7.90,679,3.320,8.47
17:50:13.558 -> 834157,697,3.410,7.66,695,3.397,8.21
17:50:14.558 -> 835138,729,3.566,8.23,703,3.436,8.52
17:50:15.558 -> 836120,740,3.620,7.75,657,3.212,8.81
17:50:16.558 -> 837151,719,3.515,7.86,727,3.555,8.91
17:50:17.558 -> 838141,752,3.676,7.86,722,3.529,8.98
17:50:18.558 -> 839199,738,3.611,7.80,687,3.361,9.03
17:50:19.558 -> 840234,728,3.560,8.33,680,3.327,8.54
17:50:20.558 -> 841191,745,3.644,6.90,651,3.183,8.65
17:50:21.558 -> 842217,729,3.567,7.54,727,3.558,7.95
17:50:22.558 -> 843247,722,3.530,8.23,699,3.420,8.66
17:50:23.558 -> 844208,746,3.647,7.82,698,3.414,9.08
17:50:24.558 -> 845115,714,3.491,7.39,675,3.301,8.97
17:50:25.558 -> 846152,690,3.374,8.18,716,3.503,8.64
17:50:26.558 -> 847191,688,3.363,8.02,700,3.422,8.26
17:50:27.558 -> 848152,678,3.318,6.96,693,3.392,8.77
17:50:28.558 -> 849180,693,3.391,8.45,699,3.417,8.78
17:50:29.558 -> 850234,742,3.630,8.06,659,3.224,8.35
17:50:30.558 -> 851265,684,3.347,8.31,717,3.504,8.77
17:50:31.558 -> 852248,723,3.535,7.99,709,3.467,8.85
17:50:32.558 -> 853267,695,3.399,7.02,702,3.435,7.72
17:50:33.558 -> 854323,723,3.537,8.24,667,3.264,8.34
17:50:34.558 -> 855404,754,3.690,7.64,700,3.423,8.31
17:50:35.558 -> 856338,766,3.745,7.41,673,3.292,7.92
17:50:36.558 -> 857285,715,3.496,7.93,702,3.433,9.22
17:50:37.558 -> 858370,694,3.397,8.56,696,3.404,7.95
17:50:38.558 -> 859294,757,3.701,8.51,700,3.425,9.02
17:50:39.558 -> 860254,720,3.519,7.70,713,3.488,9.08
17:50:40.558 -> 861263,688,3.365,7.72,710,3.470,8.58
17:50:41.558 -> 862311,744,3.639,7.25,685,3.349,9.61
17:50:42.558 -> 863349,728,3.563,8.44,683,3.341,8.56
17:50:43.558 -> 864335,707,3.456,8.53,699,3.420,8.83
17:50:44.558 -> 865317,738,3.611,8.54,668,3.269,8.93
17:50:45.558 -> 866366,731,3.575,8.30,668,3.266,8.31
17:50:46.558 -> 867413,756,3.699,7.73,688,3.366,8.67
17:50:47.558 -> 868478,712,3.482,7.37,734,3.591,8.27
17:50:48.558 -> 869414,696,3.402,9.53,673,3.290,8.34
17:50:49.558 -> 870421,725,3.544,8.52,699,3.417,8.35
17:50:50.558 -> 871478,706,3.453,7.92,694,3.393,8.27
17:50:51.558 -> 872384,720,3.521,8.37,712,3.481,7.96
17:50:52.558 -> 873371,725,3.544,8.00,674,3.299,9.25
17:50:53.558 -> 874327,703,3.440,7.68,713,3.487,9.30
17:50:54.558 -> 875279,740,3.619,7.94,691,3.382,8.26
17:50:55.558 -> 876280,711,3.479,7.63,692,3.382,7.73
17:50:56.558 -> 877371,741,3.623,6.73,687,3.359,8.26
17:50:57.558 -> 878319,695,3.399,7.62,687,3.362,8.21
17:50:58.558 -> 879384,688,3.365,7.50,699,3.420,8.64
17:50:59.558 -> 880379,715,3.497,7.58,707,3.457,7.61
17:51:00.558 -> 881430,714,3.492,7.39,681,3.329,9.00
17:51:01.558 -> 882386,686,3.357,8.39,678,3.315,8.49
17:51:02.558 -> 883374,695,3.400,8.49,672,3.285,8.25
17:51:03.558 -> 884288,753,3.683,8.41,705,3.448,8.68
17:51:04.558 -> 885378,747,3.652,8.18,643,3.146,9.49
17:51:05.558 -> 886325,753,3.684,8.29,679,3.320,8.67
17:51:06.558 -> 887286,681,3.330,7.54,727,3.556,8.36
17:51:07.558 -> 888199,716,3.504,8.67,697,3.409,9.36
17:51:08.558 -> 889258,690,3.377,8.33,652,3.190,8.93
17:51:09.558 -> 890352,702,3.433,7.80,691,3.378,8.61
17:51:10.558 -> 891417,703,3.439,7.73,684,3.345,8.92
17:51:11.558 -> 892415,717,3.507,8.22,688,3.365,8.00
17:51:12.558 -> 893366,741,3.624,7.56,657,3.215,8.92
17:51:13.558 -> 894392,693,3.390,8.34,704,3.441,8.35
17:51:14.558 -> 895473,722,3.530,8.19,723,3.535,8.84
17:51:15.558 -> 896444,723,3.539,7.17,682,3.336,8.04
17:51:16.558 -> 897510,696,3.406,7.67,701,3.429,8.41
17:51:17.558 -> 898439,733,3.586,8.76,697,3.408,9.31
17:51:18.558 -> 899506,740,3.617,7.82,683,3.340,7.94
17:51:19.558 -> 900458,730,3.570,7.44,727,3.553,8.41
17:51:20.558 -> 901432,673,3.292,8.86,689,3.371,8.64
17:51:21.558 -> 902403,684,3.345,7.85,700,3.425,8.05
17:51:22.558 -> 903417,720,3.522,8.24,669,3.275,8.73
17:51:23.558 -> 904401,705,3.446,8.18,680,3.327,8.88
17:51:24.558 -> 905500,686,3.357,7.47,686,3.357,9.28
17:51:25.558 -> 906514,701,3.428,8.37,691,3.381,8.47
17:51:26.558 -> 907441,740,3.621,8.85,673,3.290,8.77
17:51:27.558 -> 908398,722,3.533,8.27,675,3.304,8.01
17:51:28.558 -> 909485,755,3.694,7.76,653,3.194,8.79
17:51:29.558 -> 910432,703,3.440,7.89,662,3.236,8.30
17:51:30.558 -> 911473,706,3.453,7.42,673,3.290,8.65
17:51:31.558 -> 912439,733,3.585,7.95,668,3.269,8.93
17:51:32.558 -> 913382,702,3.435,7.83,718,3.511,8.44
17:51:33.558 -> 914464,681,3.329,7.22,690,3.373,8.80
17:51:34.558 -> 915512,713,3.486,7.53,698,3.415,8.54
17:51:35.558 -> 916527,741,3.622,7.87,702,3.435,8.21
17:51:36.558 -> 917472,714,3.494,7.07,711,3.478,7.69
17:51:37.558 -> 918478,739,3.615,8.91,662,3.240,7.89
17:51:38.558 -> 919481,741,3.626,7.58,706,3.454,8.60
17:51:39.558 -> 920580,731,3.573,8.14,661,3.235,8.02
17:51:40.558 -> 921534,725,3.547,8.25,699,3.418,8.04
17:51:41.558 -> 922492,701,3.427,7.88,666,3.258,8.72
17:51:42.558 -> 923499,747,3.652,8.30,697,3.407,8.39
17:51:43.558 -> 924560,680,3.326,8.29,694,3.393,8.73
17:51:44.558 -> 925524,707,3.459,8.94,707,3.456,7.83
17:51:45.558 -> 926445,724,3.542,7.60,701,3.427,8.72
17:51:46.558 -> 927361,671,3.284,7.84,719,3.515,8.24
17:51:47.558 -> 928433,691,3.382,8.10,686,3.356,9.02
17:51:48.558 -> 929386,706,3.455,8.28,720,3.520,8.27
17:51:49.558 -> 930345,731,3.575,8.35,677,3.313,8.17
17:51:50.558 -> 931264,722,3.534,8.98,695,3.397,8.24
17:51:51.558 -> 932177,731,3.576,7.38,664,3.246,9.05
17:51:52.558 -> 933139,707,3.456,8.27,697,3.408,7.69
17:51:53.558 -> 934138,719,3.518,8.24,691,3.378,8.18
17:51:54.558 -> 935162,724,3.541,8.08,693,3.388,8.35
17:51:55.558 -> 936202,688,3.363,7.65,689,3.371,8.11
17:51:56.558 -> 937169,763,3.733,8.98,677,3.310,8.15
17:51:57.558 -> 938262,706,3.454,8.03,697,3.410,7.74
17:51:58.558 -> 939206,685,3.349,8.16,731,3.575,8.51
17:51:59.558 -> 940135,669,3.274,7.67,672,3.285,8.01
17:52:00.558 -> 941094,720,3.520,8.82,680,3.327,9.41
17:52:01.558 -> 941999,735,3.595,7.93,700,3.425,8.31
17:52:02.558 -> 942904,729,3.565,7.76,743,3.635,7.17
17:52:03.558 -> 943936,711,3.477,7.96,726,3.551,8.15
17:52:04.558 -> 944985,721,3.527,8.15,673,3.293,8.41
17:52:05.558 -> 945902,701,3.429,8.43,729,3.565,9.04
17:52:06.558 -> 946831,725,3.544,7.42,681,3.328,7.99
17:52:07.558 -> 947804,706,3.455,8.17,659,3.225,9.49
17:52:08.558 -> 948802,698,3.416,7.89,672,3.287,8.67
17:52:09.558 -> 949893,729,3.564,7.74,693,3.388,8.64
17:52:10.558 -> 950810,696,3.403,7.52,687,3.361,7.81
17:52:11.558 -> 951751,724,3.543,8.34,673,3.290,8.09
17:52:12.558 -> 952709,680,3.327,8.75,696,3.404,8.72
17:52:13.558 -> 953727,765,3.743,8.65,684,3.344,8.69
17:52:14.558 -> 954643,703,3.437,8.03,720,3.521,8.37
17:52:15.558 -> 955632,701,3.430,7.47,688,3.363,8.39
17:52:16.558 -> 956689,713,3.489,7.55,712,3.484,8.32
17:52:17.558 -> 957713,697,3.407,7.39,712,3.484,8.68
17:52:18.558 -> 958631,676,3.307,7.66,709,3.467,7.31
17:52:19.558 -> 959559,702,3.435,7.68,706,3.453,8.37
17:52:20.558 -> 960474,706,3.454,7.65,672,3.285,7.62
17:52:21.558 -> 961407,724,3.539,7.81,659,3.222,8.96
17:52:22.558 -> 962486,726,3.553,7.43,706,3.452,8.34
17:52:23.558 -> 963501,701,3.426,7.82,701,3.431,8.10
17:52:24.558 -> 964482,736,3.598,8.26,715,3.498,8.76
17:52:25.558 -> 965449,718,3.513,7.81,678,3.316,8.54
17:52:26.558 -> 966533,708,3.462,7.90,708,3.461,9.06
17:52:27.558 -> 967626,762,3.727,8.06,661,3.232,7.47
17:52:28.558 -> 968684,730,3.571,7.06,688,3.363,8.72
17:52:29.558 -> 969737,735,3.593,8.27,725,3.547,8.65
17:52:30.558 -> 970701,681,3.333,8.08,677,3.313,6.88
17:52:31.558 -> 971604,740,3.618,8.32,705,3.446,9.15
17:52:32.558 -> 972697,706,3.455,8.45,714,3.490,9.34
17:52:33.558 -> 973714,730,3.568,7.97,719,3.516,7.87
17:52:34.558 -> 974702,721,3.528,7.51,678,3.315,9.12
17:52:35.558 -> 975697,711,3.479,8.27,689,3.368,8.49
17:52:36.558 -> 976775,724,3.543,8.19,726,3.553,8.45
17:52:37.558 -> 977752,689,3.372,8.09,716,3.501,7.87
17:52:38.558 -> 978754,741,3.626,7.79,671,3.283,8.66
17:52:39.558 -> 979795,700,3.423,8.00,699,3.420,8.10
17:52:40.558 -> 980867,723,3.538,8.16,698,3.413,8.43
17:52:41.558 -> 981862,720,3.523,7.07,707,3.460,8.65
17:52:42.558 -> 982870,740,3.618,8.58,693,3.388,8.63
17:52:43.558 -> 983967,698,3.412,7.64,719,3.519,9.22
17:52:44.558 -> 985011,729,3.563,8.14,699,3.420,8.38
17:52:45.558 -> 986033,700,3.424,8.14,727,3.554,8.17
17:52:46.558 -> 987122,729,3.564,7.84,672,3.285,8.59
17:52:47.558 -> 988050,740,3.617,8.07,697,3.408,8.78
17:52:48.558 -> 989038,718,3.510,7.58,724,3.542,7.71
17:52:49.558 -> 989953,707,3.456,6.80,679,3.320,8.41
17:52:50.558 -> 991009,704,3.444,8.51,678,3.318,7.68
17:52:51.558 -> 992096,721,3.527,8.53,675,3.301,9.21
17:52:52.558 -> 993068,720,3.522,7.49,718,3.510,9.03
17:52:53.558 -> 994152,709,3.468,8.66,709,3.468,9.05
17:52:54.558 -> 995251,706,3.454,7.13,717,3.505,8.67
17:52:55.558 -> 996170,714,3.495,7.51,718,3.512,9.66
17:52:56.558 -> 997252,736,3.602,8.23,695,3.398,8.72
17:52:57.558 -> 998325,729,3.566,7.36,735,3.597,8.49
17:52:58.558 -> 999399,750,3.669,8.54,673,3.290,8.57
17:52:59.558 -> 1000452,744,3.640,7.33,667,3.263,8.43
17:53:00.558 -> 1001404,701,3.430,8.58,696,3.405,8.85
17:53:01.558 -> 1002488,708,3.463,7.92,711,3.477,9.01
17:53:02.558 -> 1003509,718,3.510,8.17,699,3.420,8.75
17:53:03.558 -> 1004436,729,3.568,7.93,685,3.348,8.33
17:53:04.558 -> 1005432,678,3.317,8.47,692,3.386,9.17
17:53:05.558 -> 1006424,690,3.375,8.01,653,3.194,8.16
17:53:06.558 -> 1007489,713,3.486,8.53,726,3.551,9.24
17:53:07.558 -> 1008557,669,3.273,7.40,682,3.335,8.71
17:53:08.558 -> 1009508,704,3.443,7.62,675,3.300,8.53
17:53:09.558 -> 1010539,698,3.416,7.75,691,3.380,8.54
17:53:10.558 -> 1011590,760,3.717,8.60,699,3.421,9.01
17:53:11.558 -> 1012567,719,3.518,8.70,698,3.412,8.10
17:53:12.558 -> 1013653,710,3.473,7.86,698,3.416,9.01
17:53:13.558 -> 1014728,744,3.637,7.23,654,3.201,8.63
17:53:14.558 -> 1015735,740,3.620,8.16,694,3.395,8.08
17:53:15.558 -> 1016635,711,3.477,8.34,675,3.303,8.19
17:53:16.558 -> 1017553,695,3.402,7.19,721,3.527,8.72
17:53:17.558 -> 1018485,769,3.763,8.27,699,3.419,8.74
17:53:18.558 -> 1019533,724,3.540,7.76,664,3.245,9.08
17:53:19.558 -> 1020604,676,3.307,8.44,689,3.370,8.53
17:53:20.558 -> 1021668,718,3.513,7.71,690,3.377,8.90
17:53:21.558 -> 1022665,710,3.474,7.32,682,3.336,8.09
17:53:22.558 -> 1023589,721,3.525,8.69,704,3.444,9.05
17:53:23.558 -> 1024655,709,3.470,7.98,707,3.456,8.31
17:53:24.558 -> 1025727,688,3.366,8.25,718,3.510,9.47
17:53:25.558 -> 1026813,724,3.543,8.21,681,3.331,8.96
17:53:26.558 -> 1027823,730,3.570,7.43,693,3.389,8.10
17:53:27.558 -> 1028862,724,3.543,7.68,706,3.455,7.78
17:53:28.558 -> 1029883,721,3.529,6.75,647,3.162,8.33
17:53:29.558 -> 1030791,716,3.502,7.41,730,3.570,9.45
17:53:30.558 -> 1031691,727,3.555,8.03,738,3.610,8.80
17:53:31.558 -> 1032640,734,3.591,7.13,653,3.194,7.53
17:53:32.558 -> 1033708,714,3.491,7.96,696,3.405,7.97
17:53:33.558 -> 1034666,738,3.611,8.46,690,3.374,8.25
17:53:34.558 -> 1035633,693,3.389,8.89,641,3.136,8.34
17:53:35.558 -> 1036626,718,3.511,8.25,676,3.308,9.07
17:53:36.558 -> 1037607,689,3.371,7.98,698,3.414,8.24
17:53:37.558 -> 1038620,726,3.551,8.97,712,3.482,8.48
17:53:38.558 -> 1039545,746,3.647,8.64,686,3.354,8.95
17:53:39.558 -> 1040495,717,3.505,8.03,685,3.350,7.81
17:53:40.558 -> 1041582,729,3.568,8.72,683,3.340,8.91
17:53:41.558 -> 1042658,740,3.620,8.14,702,3.434,8.64
17:53:42.558 -> 1043611,704,3.445,9.04,716,3.504,9.27
17:53:43.558 -> 1044595,719,3.517,7.72,660,3.227,9.44
17:53:44.558 -> 1045652,744,3.637,7.42,641,3.137,8.24
17:53:45.558 -> 1046654,712,3.482,8.26,710,3.474,7.89
17:53:46.558 -> 1047721,758,3.710,8.80,709,3.468,8.09
17:53:47.558 -> 1048711,712,3.482,7.17,696,3.405,8.45
17:53:48.558 -> 1049722,728,3.561,8.89,709,3.466,8.91
17:53:49.558 -> 1050713,712,3.483,7.47,707,3.459,8.37
17:53:50.558 -> 1051650,723,3.535,9.26,657,3.216,8.48
17:53:51.558 -> 1052568,710,3.473,7.69,681,3.333,8.56
17:53:52.558 -> 1053657,733,3.585,9.06,707,3.458,7.24
17:53:53.558 -> 1054645,688,3.366,8.43,674,3.294,8.49
17:53:54.558 -> 1055726,736,3.602,7.26,704,3.444,9.11
17:53:55.558 -> 1056729,719,3.514,8.41,683,3.343,8.10
17:53:56.558 -> 1057750,699,3.418,7.47,739,3.612,9.17
17:53:57.558 -> 1058667,727,3.556,7.59,710,3.475,8.97
17:53:58.558 -> 1059703,496,2.428,13.22,518,2.534,15.59
17:53:59.558 -> 1060671,490,2.397,13.55,504,2.466,14.04
17:54:00.558 -> 1061583,558,2.730,13.26,516,2.526,15.57
17:54:01.558 -> 1062491,503,2.460,13.84,462,2.259,15.54
17:54:02.558 -> 1063463,503,2.461,13.32,505,2.470,14.88
17:54:03.558 -> 1064402,495,2.422,14.54,463,2.265,14.79
17:54:04.558 -> 1065484,479,2.346,13.30,481,2.356,14.55
17:54:05.558 -> 1066489,519,2.538,13.59,501,2.453,15.81
17:54:06.558 -> 1067472,494,2.419,14.69,483,2.363,14.77
17:54:07.558 -> 1068482,494,2.417,14.38,459,2.246,14.68
17:54:08.558 -> 1069395,521,2.548,14.27,513,2.512,14.63
17:54:09.558 -> 1070473,480,2.349,13.42,490,2.398,14.64
17:54:10.558 -> 1071563,494,2.419,13.44,496,2.426,15.11
17:54:11.558 -> 1072645,497,2.430,14.44,482,2.357,15.44
17:54:12.558 -> 1073572,556,2.722,14.00,469,2.295,15.01
17:54:13.558 -> 1074530,519,2.537,14.16,515,2.519,14.37
17:54:14.558 -> 1075620,528,2.582,13.79,499,2.440,14.64
17:54:15.558 -> 1076623,516,2.523,13.67,521,2.547,15.67
17:54:16.558 -> 1077564,510,2.494,13.98,501,2.450,14.76
17:54:17.558 -> 1078590,483,2.366,14.11,492,2.409,15.90
17:54:18.558 -> 1079503,541,2.645,13.94,487,2.385,15.33
17:54:19.558 -> 1080426,536,2.622,14.53,508,2.487,14.84
17:54:20.558 -> 1081404,517,2.531,13.49,468,2.292,14.40
17:54:21.558 -> 1082434,512,2.507,14.09,462,2.261,15.40
17:54:22.558 -> 1083367,531,2.596,14.17,489,2.391,15.07
17:54:23.558 -> 1084465,482,2.356,13.34,496,2.428,13.93
17:54:24.558 -> 1085500,511,2.502,14.52,467,2.286,15.01
17:54:25.558 -> 1086493,499,2.439,12.79,513,2.508,14.93
17:54:26.558 -> 1087408,477,2.336,13.11,478,2.338,15.29
17:54:27.558 -> 1088437,520,2.543,14.44,482,2.358,14.66
17:54:28.558 -> 1089405,515,2.520,14.27,473,2.316,15.55
17:54:29.558 -> 1090370,534,2.611,13.03,514,2.513,14.97
17:54:30.558 -> 1091462,521,2.548,14.34,494,2.415,14.86
17:54:31.558 -> 1092388,527,2.576,13.50,469,2.294,14.60
17:54:32.558 -> 1093475,540,2.643,13.26,479,2.341,15.16
17:54:33.558 -> 1094545,509,2.489,13.77,479,2.343,15.55
17:54:34.558 -> 1095590,513,2.510,15.02,496,2.428,14.99
17:54:35.558 -> 1096567,516,2.525,13.19,496,2.429,14.72
17:54:36.558 -> 1097529,503,2.458,14.43,463,2.266,15.08
17:54:37.558 -> 1098621,493,2.410,13.00,496,2.426,15.85
17:54:38.558 -> 1099630,489,2.394,13.47,472,2.308,14.75
17:54:39.558 -> 1100564,516,2.523,14.22,471,2.304,14.40
17:54:40.558 -> 1101586,509,2.491,13.35,478,2.336,15.21
17:54:41.558 -> 1102564,543,2.657,14.03,477,2.336,14.55
17:54:42.558 -> 1103641,504,2.466,14.79,524,2.564,15.38
17:54:43.558 -> 1104624,512,2.503,13.02,504,2.465,15.41
17:54:44.558 -> 1105657,495,2.421,14.17,517,2.531,14.78
17:54:45.558 -> 1106592,501,2.450,13.95,488,2.387,15.21
17:54:46.558 -> 1107578,503,2.460,13.41,482,2.360,15.13
17:54:47.558 -> 1108544,502,2.457,15.17,523,2.557,14.94
17:54:48.558 -> 1109525,503,2.462,13.83,496,2.428,15.43
17:54:49.558 -> 1110514,550,2.689,14.34,494,2.419,15.34
17:54:50.558 -> 1111487,536,2.624,14.19,471,2.303,14.84
17:54:51.558 -> 1112427,512,2.507,14.11,505,2.472,15.05
17:54:52.558 -> 1113513,544,2.661,14.08,472,2.311,15.31
17:54:53.558 -> 1114434,500,2.448,14.25,517,2.530,14.45
17:54:54.558 -> 1115509,514,2.513,13.63,500,2.445,15.35
17:54:55.558 -> 1116465,499,2.440,13.31,480,2.346,14.87
17:54:56.558 -> 1117445,511,2.499,13.89,483,2.363,14.64
17:54:57.558 -> 1118429,515,2.517,13.52,524,2.565,15.31
17:54:58.558 -> 1119346,532,2.600,14.06,522,2.555,16.21
17:54:59.558 -> 1120259,492,2.407,14.53,464,2.271,15.21
17:55:00.558 -> 1121167,496,2.426,14.60,510,2.495,15.12
17:55:01.558 -> 1122156,511,2.499,13.01,499,2.441,14.84
17:55:02.558 -> 1123137,508,2.486,14.39,497,2.430,14.95
17:55:03.558 -> 1124197,502,2.457,14.23,493,2.411,15.41
17:55:04.558 -> 1125250,474,2.320,13.67,508,2.487,15.33
17:55:05.558 -> 1126195,535,2.619,13.72,494,2.416,15.29
17:55:06.558 -> 1127119,499,2.443,14.03,483,2.364,15.81
17:55:07.558 -> 1128110,545,2.667,13.53,524,2.561,14.84
17:55:08.558 -> 1129163,503,2.461,15.18,467,2.286,15.33
17:55:09.558 -> 1130125,498,2.435,13.53,488,2.388,15.83
17:55:10.558 -> 1131132,513,2.508,13.52,523,2.560,14.26
17:55:11.558 -> 1132157,530,2.595,13.97,529,2.586,15.11
17:55:12.558 -> 1133104,490,2.396,13.93,506,2.475,14.41
17:55:13.558 -> 1134015,487,2.382,14.09,504,2.467,15.76
17:55:14.558 -> 1134958,527,2.578,14.22,455,2.228,14.63
17:55:15.558 -> 1135974,499,2.443,14.10,511,2.501,14.73
17:55:16.558 -> 1137028,499,2.440,12.80,482,2.359,15.46
17:55:17.558 -> 1137996,539,2.637,13.45,507,2.479,14.73
17:55:18.558 -> 1138912,517,2.531,14.92,467,2.283,15.26
17:55:19.558 -> 1139917,545,2.667,14.06,501,2.451,15.42
17:55:20.558 -> 1140850,496,2.427,14.95,492,2.405,15.38
17:55:21.558 -> 1141753,503,2.463,13.65,541,2.648,15.63
17:55:22.558 -> 1142734,522,2.555,13.57,502,2.457,15.15
17:55:23.558 -> 1143769,518,2.536,14.10,501,2.451,15.72
17:55:24.558 -> 1144792,508,2.485,12.97,458,2.241,14.67
17:55:25.558 -> 1145797,482,2.359,14.05,480,2.348,15.25
17:55:26.558 -> 1146845,550,2.692,13.61,456,2.231,14.76
17:55:27.558 -> 1147782,506,2.475,14.43,511,2.501,14.52
17:55:28.558 -> 1148803,510,2.497,13.73,503,2.460,14.88
17:55:29.558 -> 1149822,514,2.514,13.75,487,2.382,14.77
17:55:30.558 -> 1150754,511,2.502,14.24,463,2.263,15.30
17:55:31.558 -> 1151763,495,2.424,13.94,476,2.328,14.70
17:55:32.558 -> 1152685,502,2.458,14.56,490,2.397,15.19
17:55:33.558 -> 1153745,509,2.492,13.71,481,2.352,15.35
17:55:34.558 -> 1154790,543,2.658,13.28,483,2.361,15.45
17:55:35.558 -> 1155827,486,2.376,13.44,485,2.372,14.59
17:55:36.558 -> 1156815,515,2.519,14.53,453,2.217,15.07
17:55:37.558 -> 1157737,529,2.586,13.29,467,2.285,13.58
17:55:38.558 -> 1158772,496,2.425,13.73,487,2.383,14.57
17:55:39.558 -> 1159775,515,2.518,13.37,469,2.294,14.65
17:55:40.558 -> 1160676,525,2.570,15.41,488,2.390,15.20
17:55:41.558 -> 1161716,503,2.459,14.47,481,2.354,15.21
17:55:42.558 -> 1162793,526,2.575,14.14,471,2.305,15.16
17:55:43.558 -> 1163791,509,2.492,14.61,471,2.303,15.84
17:55:44.558 -> 1164701,492,2.409,13.71,487,2.384,15.81
17:55:45.558 -> 1165768,517,2.531,14.07,490,2.399,15.06
17:55:46.558 -> 1166764,519,2.540,14.22,460,2.249,14.55
17:55:47.558 -> 1167719,513,2.508,13.57,486,2.379,15.38
17:55:48.558 -> 1168693,506,2.477,13.34,518,2.537,14.97
17:55:49.558 -> 1169792,509,2.489,14.11,516,2.523,14.48
17:55:50.558 -> 1170695,493,2.414,13.19,475,2.326,14.68
17:55:51.558 -> 1171603,490,2.399,13.15,504,2.465,14.34
17:55:52.558 -> 1172506,507,2.480,14.12,514,2.515,14.61
17:55:53.558 -> 1173485,488,2.389,13.98,474,2.319,14.50
17:55:54.558 -> 1174401,508,2.485,13.84,465,2.273,14.95
17:55:55.558 -> 1175467,499,2.439,13.93,510,2.496,15.10
17:55:56.558 -> 1176492,524,2.564,13.19,493,2.412,14.97
17:55:57.558 -> 1177489,509,2.489,13.81,489,2.394,15.17
17:55:58.558 -> 1178531,509,2.489,14.57,502,2.456,13.92
17:55:59.558 -> 1179625,525,2.569,13.96,486,2.378,14.07
17:56:00.558 -> 1180573,500,2.449,14.12,489,2.394,15.56
17:56:01.558 -> 1181556,524,2.563,14.19,479,2.345,14.78
17:56:02.558 -> 1182613,473,2.314,14.06,514,2.515,14.95
17:56:03.558 -> 1183531,487,2.385,14.20,528,2.583,15.06
17:56:04.558 -> 1184464,479,2.346,13.92,481,2.352,14.52
17:56:05.558 -> 1185373,470,2.302,13.75,489,2.393,14.68
17:56:06.558 -> 1186461,491,2.403,14.49,489,2.390,14.45
17:56:07.558 -> 1187501,510,2.493,14.36,501,2.452,14.13
17:56:08.558 -> 1188522,519,2.540,14.13,517,2.528,13.79
17:56:09.558 -> 1189442,512,2.506,13.17,492,2.406,15.04
17:56:10.558 -> 1190516,531,2.597,14.06,486,2.380,14.15
17:56:11.558 -> 1191455,491,2.401,13.52,493,2.411,14.69
17:56:12.558 -> 1192534,507,2.479,13.41,456,2.230,15.04
17:56:13.558 -> 1193520,548,2.682,13.88,461,2.254,14.68
17:56:14.558 -> 1194537,522,2.552,14.62,494,2.418,15.22
17:56:15.558 -> 1195536,504,2.468,14.01,484,2.366,14.18
17:56:16.558 -> 1196603,495,2.421,14.34,500,2.445,14.85
17:56:17.558 -> 1197553,511,2.499,14.59,462,2.263,15.26
17:56:18.558 -> 1198469,505,2.469,13.70,496,2.427,14.68
17:56:19.558 -> 1199531,517,2.531,14.17,489,2.394,14.91
17:56:20.558 -> 1200607,473,2.316,14.45,478,2.341,15.35
17:56:21.558 -> 1201609,494,2.418,14.39,484,2.370,14.83
17:56:22.558 -> 1202526,452,2.210,14.30,492,2.407,15.24
17:56:23.558 -> 1203587,529,2.586,14.18,484,2.369,14.21
17:56:24.558 -> 1204686,496,2.424,13.88,444,2.174,14.55
17:56:25.558 -> 1205735,496,2.425,13.38,452,2.211,14.70
17:56:26.558 -> 1206722,499,2.443,13.82,483,2.364,14.88
17:56:27.558 -> 1207815,519,2.541,13.70,492,2.409,15.80
17:56:28.558 -> 1208833,554,2.709,13.24,514,2.516,15.49
17:56:29.558 -> 1209802,511,2.500,13.88,523,2.561,14.55
17:56:30.558 -> 1210775,508,2.486,14.60,481,2.356,14.83
17:56:31.558 -> 1211812,480,2.348,13.96,502,2.454,14.82
17:56:32.558 -> 1212848,491,2.402,13.60,482,2.358,14.32
17:56:33.558 -> 1213934,499,2.441,13.38,497,2.429,14.97
17:56:34.558 -> 1214868,482,2.357,12.95,513,2.508,14.51
17:56:35.558 -> 1215845,512,2.504,13.13,501,2.449,15.19
17:56:36.558 -> 1216836,500,2.444,13.67,476,2.330,15.35
17:56:37.558 -> 1217923,532,2.605,14.38,510,2.494,14.71
17:56:38.558 -> 1218834,546,2.670,13.80,504,2.468,14.42
17:56:39.558 -> 1219861,462,2.260,14.90,464,2.269,14.02
17:56:40.558 -> 1220831,507,2.480,13.12,508,2.486,14.10
17:56:41.558 -> 1221761,515,2.518,13.36,481,2.355,15.87
17:56:42.558 -> 1222820,510,2.495,13.21,471,2.306,14.72
17:56:43.558 -> 1223758,502,2.455,14.08,530,2.594,14.03
17:56:44.558 -> 1224741,499,2.440,14.16,504,2.465,15.29
17:56:45.558 -> 1225692,517,2.531,13.59,496,2.428,15.60
17:56:46.558 -> 1226709,528,2.581,13.69,505,2.472,14.73
17:56:47.558 -> 1227778,508,2.488,13.60,499,2.440,14.10
17:56:48.558 -> 1228679,505,2.472,13.90,483,2.365,16.32
17:56:49.558 -> 1229759,462,2.263,15.02,497,2.430,14.61
17:56:50.558 -> 1230813,519,2.538,13.71,462,2.262,15.54
17:56:51.558 -> 1231765,505,2.471,13.27,514,2.517,14.79
17:56:52.558 -> 1232757,522,2.551,14.41,497,2.432,14.73
17:56:53.558 -> 1233720,506,2.478,14.12,462,2.263,13.79
17:56:54.558 -> 1234721,545,2.666,14.55,481,2.354,14.30
17:56:55.558 -> 1235779,521,2.549,14.54,473,2.312,15.17
17:56:56.558 -> 1236869,528,2.584,13.62,501,2.452,15.75
17:56:57.558 -> 1237837,533,2.608,13.77,483,2.363,15.92
17:56:58.558 -> 1238821,509,2.488,14.57,476,2.331,14.24
17:56:59.558 -> 1239810,504,2.465,12.89,519,2.537,14.46
17:57:00.558 -> 1240832,491,2.401,14.46,475,2.324,14.81
17:57:01.558 -> 1241886,520,2.543,13.64,513,2.510,14.99
17:57:02.558 -> 1242924,500,2.445,14.35,515,2.517,14.86
17:57:03.558 -> 1244023,496,2.427,12.99,466,2.280,15.62
17:57:04.558 -> 1244937,507,2.479,14.59,503,2.460,13.99
17:57:05.558 -> 1245945,534,2.611,14.40,504,2.464,15.20
17:57:06.558 -> 1246917,535,2.615,14.15,516,2.527,15.14
17:57:07.558 -> 1247888,510,2.494,14.25,505,2.471,14.75
17:57:08.558 -> 1248814,528,2.584,14.58,479,2.342,14.42
17:57:09.558 -> 1249800,489,2.390,14.55,503,2.463,15.68
17:57:10.558 -> 1250765,488,2.385,14.23,529,2.587,15.62
17:57:11.558 -> 1251812,515,2.521,13.72,502,2.457,15.51
17:57:12.558 -> 1252840,502,2.454,14.38,462,2.261,15.53
17:57:13.558 -> 1253931,524,2.563,13.68,476,2.330,15.34
17:57:14.558 -> 1254865,529,2.586,13.99,481,2.354,14.81
17:57:15.558 -> 1255779,525,2.566,13.62,500,2.445,14.86
17:57:16.558 -> 1256721,529,2.586,14.84,474,2.319,15.54
17:57:17.558 -> 1257781,508,2.484,14.63,502,2.455,14.82
17:57:18.558 -> 1258844,517,2.529,13.63,490,2.395,15.24
17:57:19.558 -> 1259773,513,2.509,13.31,475,2.323,14.97
17:57:20.558 -> 1260694,507,2.482,13.54,482,2.358,15.17
17:57:21.558 -> 1261661,546,2.669,13.83,494,2.416,15.61
17:57:22.558 -> 1262688,539,2.635,13.37,531,2.597,15.21
17:57:23.558 -> 1263636,520,2.542,12.61,486,2.377,14.46
17:57:24.558 -> 1264576,521,2.550,13.56,506,2.474,14.68
17:57:25.558 -> 1265610,514,2.513,14.04,522,2.552,14.32
17:57:26.558 -> 1266578,493,2.411,14.08,505,2.469,14.96
17:57:27.558 -> 1267486,519,2.537,14.29,488,2.390,14.97
17:57:28.558 -> 1268464,502,2.455,13.50,512,2.503,14.67
17:57:29.558 -> 1269438,541,2.645,13.29,496,2.428,14.85
17:57:30.558 -> 1270510,489,2.393,14.86,472,2.310,15.11
17:57:31.558 -> 1271461,528,2.582,14.08,526,2.573,14.58
17:57:32.558 -> 1272519,511,2.501,14.43,482,2.361,15.16
17:57:33.558 -> 1273532,501,2.449,13.91,494,2.416,15.86
17:57:34.558 -> 1274585,528,2.581,13.71,475,2.325,14.89
17:57:35.558 -> 1275528,481,2.354,13.09,529,2.586,15.06
17:57:36.558 -> 1276504,537,2.626,14.44,477,2.332,15.38
17:57:37.558 -> 1277574,507,2.481,14.60,511,2.502,15.46
17:57:38.558 -> 1278591,538,2.630,13.64,468,2.291,15.00
17:57:39.558 -> 1279543,514,2.514,14.01,518,2.535,14.95
17:57:40.558 -> 1280540,488,2.386,13.20,471,2.302,15.42
17:57:41.558 -> 1281553,489,2.391,13.87,483,2.365,15.24
17:57:42.558 -> 1282563,490,2.397,13.76,509,2.490,15.14
17:57:43.558 -> 1283617,506,2.473,14.52,479,2.344,15.21
17:57:44.558 -> 1284686,512,2.506,13.85,514,2.515,13.58
17:57:45.558 -> 1285657,528,2.583,14.42,467,2.284,14.79
17:57:46.558 -> 1286578,524,2.564,13.34,484,2.369,15.60
17:57:47.558 -> 1287503,498,2.435,14.03,485,2.371,15.07
17:57:48.558 -> 1288448,470,2.298,12.58,507,2.481,15.06
17:57:49.558 -> 1289537,543,2.658,14.34,476,2.328,15.10
17:57:50.558 -> 1290603,517,2.528,13.91,498,2.437,14.93
17:57:51.558 -> 1291606,515,2.518,14.29,488,2.390,15.47
17:57:52.558 -> 1292514,516,2.525,13.60,521,2.548,14.86
17:57:53.558 -> 1293447,504,2.468,13.42,495,2.420,15.20
17:57:54.558 -> 1294493,505,2.471,13.53,518,2.533,14.28
17:57:55.558 -> 1295589,521,2.548,13.47,507,2.482,14.52
17:57:56.558 -> 1296664,493,2.412,13.90,481,2.355,15.00
17:57:57.558 -> 1297706,515,2.518,13.25,499,2.440,15.51
17:57:58.558 -> 1298607,481,2.356,13.76,489,2.392,15.12
17:57:59.558 -> 1299652,505,2.473,14.53,497,2.431,14.56
17:58:00.558 -> 1300657,537,2.629,13.69,482,2.360,15.62
17:58:01.558 -> 1301687,512,2.506,13.43,515,2.521,15.55
17:58:02.558 -> 1302744,521,2.549,14.27,502,2.457,14.72
17:58:03.558 -> 1303810,517,2.527,13.36,498,2.438,14.95
17:58:04.558 -> 1304842,526,2.572,14.06,511,2.501,15.26
17:58:05.558 -> 1305862,529,2.586,14.29,474,2.319,15.18
17:58:06.558 -> 1306812,509,2.491,14.79,499,2.441,14.52
17:58:07.558 -> 1307746,504,2.464,14.22,475,2.325,15.10
17:58:08.558 -> 1308820,495,2.421,14.02,463,2.263,15.35
17:58:09.558 -> 1309897,517,2.529,13.55,503,2.463,15.20
17:58:10.558 -> 1310835,532,2.602,14.27,472,2.312,14.48
17:58:11.558 -> 1311862,508,2.487,14.04,472,2.307,14.94
17:58:12.558 -> 1312824,520,2.544,14.06,496,2.429,15.30
17:58:13.558 -> 1313869,492,2.408,13.42,505,2.471,15.31
17:58:14.558 -> 1314797,516,2.526,14.51,486,2.380,14.49
17:58:15.558 -> 1315841,503,2.460,14.13,518,2.536,15.01
17:58:16.558 -> 1316898,466,2.279,13.80,500,2.445,13.91
17:58:17.558 -> 1317830,511,2.498,14.60,468,2.290,13.41
17:58:18.558 -> 1318746,504,2.466,14.58,488,2.390,13.95
17:58:19.558 -> 1319733,524,2.563,15.20,498,2.438,15.02
17:58:20.558 -> 1320759,509,2.489,14.13,487,2.385,14.37
17:58:21.558 -> 1321670,525,2.566,13.49,483,2.363,15.34
17:58:22.558 -> 1322601,532,2.604,13.39,466,2.280,14.54
17:58:23.558 -> 1323592,506,2.474,13.20,475,2.326,15.33
17:58:24.558 -> 1324546,487,2.383,14.37,453,2.216,14.95
17:58:25.558 -> 1325627,483,2.361,14.15,483,2.364,15.21
17:58:26.558 -> 1326555,520,2.546,13.77,464,2.269,14.85
17:58:27.558 -> 1327478,508,2.484,13.91,473,2.315,14.99
17:58:28.558 -> 1328403,525,2.568,13.90,456,2.229,15.17
17:58:29.558 -> 1329394,449,2.195,13.79,461,2.257,15.07
17:58:30.558 -> 1330433,523,2.559,14.31,451,2.209,15.05
17:58:31.558 -> 1331439,547,2.675,14.46,496,2.428,14.89
17:58:32.558 -> 1332428,507,2.480,13.56,494,2.419,15.29
17:58:33.558 -> 1333377,469,2.295,15.18,497,2.432,14.76
17:58:34.558 -> 1334443,509,2.492,13.81,471,2.303,15.26
17:58:35.558 -> 1335392,497,2.432,14.21,485,2.372,15.13
17:58:36.558 -> 1336412,522,2.555,14.16,489,2.392,14.65
17:58:37.558 -> 1337378,500,2.447,14.08,491,2.404,15.63
17:58:38.558 -> 1338434,515,2.518,14.49,515,2.522,14.54
17:58:39.558 -> 1339448,505,2.468,13.88,502,2.458,15.31
17:58:40.558 -> 1340510,506,2.478,13.81,492,2.405,15.49
17:58:41.558 -> 1341527,470,2.301,13.91,504,2.466,15.52
17:58:42.558 -> 1342475,506,2.475,13.52,515,2.521,14.67
17:58:43.558 -> 1343411,514,2.515,13.13,485,2.371,15.02
17:58:44.558 -> 1344363,524,2.564,14.46,480,2.350,14.42
17:58:45.558 -> 1345329,500,2.448,14.66,507,2.483,15.08
17:58:46.558 -> 1346235,462,2.258,14.01,470,2.299,14.08
17:58:47.558 -> 1347143,488,2.388,14.33,505,2.472,14.56
17:58:48.558 -> 1348158,523,2.559,14.71,500,2.445,14.75
17:58:49.558 -> 1349084,513,2.512,13.57,484,2.368,15.30
17:58:50.558 -> 1350106,510,2.495,13.88,534,2.615,15.45
17:58:51.558 -> 1351059,502,2.454,14.27,491,2.400,15.61
17:58:52.558 -> 1352051,503,2.461,14.44,515,2.520,15.62
17:58:53.558 -> 1353138,556,2.721,14.60,465,2.274,15.39
17:58:54.558 -> 1354192,533,2.607,14.16,519,2.539,15.09
17:58:55.558 -> 1355108,508,2.484,13.70,468,2.288,14.91
17:58:56.558 -> 1356170,521,2.548,13.97,467,2.287,14.92
17:58:57.558 -> 1357091,532,2.601,13.39,472,2.308,15.72
17:58:58.558 -> 1358028,505,2.471,14.73,522,2.553,14.96
17:58:59.558 -> 1359088,514,2.517,15.42,513,2.509,15.16
17:59:00.558 -> 1360175,553,2.704,14.15,472,2.307,14.52
17:59:01.558 -> 1361080,517,2.527,13.33,479,2.344,14.88
17:59:02.558 -> 1362025,515,2.519,15.20,448,2.190,15.34
17:59:03.558 -> 1363062,550,2.692,13.67,514,2.514,14.42
17:59:04.558 -> 1364017,517,2.531,14.89,457,2.237,15.03
17:59:05.558 -> 1364951,502,2.458,13.77,454,2.220,14.83
17:59:06.558 -> 1365930,539,2.634,14.65,484,2.369,15.61
17:59:07.558 -> 1367021,506,2.476,14.51,469,2.293,15.46
17:59:08.558 -> 1368026,511,2.501,13.88,492,2.408,14.74
17:59:09.558 -> 1369014,471,2.306,13.02,470,2.299,14.67
17:59:10.558 -> 1369941,478,2.341,13.89,440,2.153,14.16
17:59:11.558 -> 1371010,522,2.552,14.59,476,2.328,15.00
17:59:12.558 -> 1372031,486,2.376,14.63,505,2.473,15.27
17:59:13.558 -> 1373029,516,2.523,14.45,481,2.353,15.01
17:59:14.558 -> 1374095,517,2.531,14.26,496,2.426,15.00
17:59:15.558 -> 1375085,521,2.550,13.15,487,2.383,14.59
17:59:16.558 -> 1376139,491,2.403,14.18,531,2.596,14.09
17:59:17.558 -> 1377161,497,2.434,13.05,499,2.443,15.42
17:59:18.558 -> 1378180,519,2.538,14.67,493,2.411,15.15
17:59:19.558 -> 1379169,486,2.378,13.44,505,2.471,15.01
17:59:20.558 -> 1380235,498,2.439,13.70,485,2.374,14.89
17:59:21.558 -> 1381140,472,2.310,13.38,493,2.414,15.11
17:59:22.558 -> 1382183,511,2.498,14.14,466,2.282,14.89
17:59:23.558 -> 1383220,495,2.423,14.44,523,2.559,15.33
17:59:24.558 -> 1384252,512,2.504,14.52,497,2.433,15.74
17:59:25.558 -> 1385173,521,2.548,13.94,498,2.438,15.34
17:59:26.558 -> 1386176,513,2.509,13.79,501,2.449,15.02
17:59:27.558 -> 1387197,476,2.329,13.72,479,2.345,15.06
17:59:28.558 -> 1388262,474,2.318,13.65,462,2.261,15.85
17:59:29.558 -> 1389307,525,2.570,14.18,490,2.398,15.33
17:59:30.558 -> 1390217,503,2.460,14.49,472,2.311,15.36
17:59:31.558 -> 1391217,516,2.525,14.04,499,2.440,15.10
17:59:32.558 -> 1392183,526,2.573,15.11,508,2.484,15.46
17:59:33.558 -> 1393258,559,2.734,13.83,504,2.465,14.99
17:59:34.558 -> 1394228,505,2.469,14.16,485,2.372,14.93
17:59:35.558 -> 1395254,483,2.362,13.78,485,2.374,14.97
17:59:36.558 -> 1396177,522,2.555,14.01,494,2.419,15.02
17:59:37.558 -> 1397156,523,2.559,14.33,484,2.366,15.07
17:59:38.558 -> 1398089,539,2.635,14.36,494,2.419,14.27
17:59:39.558 -> 1399065,497,2.431,13.67,479,2.343,15.27
17:59:40.558 -> 1400100,516,2.525,14.22,484,2.366,15.09
17:59:41.558 -> 1401156,515,2.519,14.60,507,2.480,14.41
17:59:42.558 -> 1402112,514,2.514,13.86,497,2.432,15.04
17:59:43.558 -> 1403029,493,2.413,13.99,493,2.414,16.46
17:59:44.558 -> 1404121,529,2.586,14.42,487,2.382,14.00
17:59:45.558 -> 1405106,493,2.412,14.70,470,2.301,14.72
17:59:46.558 -> 1406094,503,2.459,13.50,502,2.455,15.90
17:59:47.558 -> 1407074,518,2.533,14.81,465,2.274,14.91
17:59:48.558 -> 1407981,597,2.922,10.78,568,2.780,12.18
17:59:49.558 -> 1408926,613,2.999,11.09,578,2.825,11.69
17:59:50.558 -> 1409946,619,3.026,10.54,552,2.701,11.58
17:59:51.558 -> 1410939,555,2.715,10.79,593,2.903,11.83
17:59:52.558 -> 1411923,609,2.979,10.89,570,2.788,12.45
17:59:53.558 -> 1412896,558,2.729,11.61,575,2.811,12.69
17:59:54.558 -> 1413818,595,2.911,10.46,569,2.782,12.20
17:59:55.558 -> 1414895,597,2.920,10.61,576,2.816,11.79
17:59:56.558 -> 1415845,576,2.816,11.32,573,2.803,10.84
17:59:57.558 -> 1416937,598,2.924,10.04,597,2.918,12.32
17:59:58.558 -> 1418006,584,2.857,11.21,585,2.860,12.48
17:59:59.558 -> 1419046,584,2.859,11.80,577,2.820,12.66
18:00:00.558 -> 1420000,638,3.121,11.20,586,2.868,11.87
18:00:01.558 -> 1420942,581,2.843,10.25,550,2.690,12.36
18:00:02.558 -> 1421957,613,2.997,10.99,560,2.740,11.22
18:00:03.558 -> 1422999,576,2.816,11.30,569,2.783,12.47
18:00:04.558 -> 1423941,585,2.860,11.41,561,2.745,11.66
18:00:05.558 -> 1424874,576,2.818,10.43,564,2.759,11.63
18:00:06.558 -> 1425922,616,3.013,10.74,598,2.927,11.76
18:00:07.558 -> 1426851,577,2.823,11.58,559,2.734,12.23
18:00:08.558 -> 1427774,611,2.988,10.34,578,2.826,12.61
18:00:09.558 -> 1428836,615,3.007,11.03,580,2.835,12.26
18:00:10.558 -> 1429873,616,3.011,10.45,585,2.861,10.96
18:00:11.558 -> 1430804,580,2.836,11.33,593,2.903,12.30
18:00:12.558 -> 1431809,630,3.080,10.93,598,2.925,11.20
18:00:13.558 -> 1432845,605,2.960,10.14,558,2.731,12.70
18:00:14.558 -> 1433844,615,3.009,10.85,559,2.735,12.42
18:00:15.558 -> 1434889,579,2.831,10.42,513,2.510,11.96
18:00:16.558 -> 1435914,599,2.928,11.13,556,2.718,11.92
18:00:17.558 -> 1436978,589,2.880,10.19,591,2.893,12.11
18:00:18.558 -> 1437897,594,2.908,10.76,595,2.913,12.08
18:00:19.558 -> 1438942,570,2.786,10.86,598,2.925,12.49
18:00:20.558 -> 1439869,590,2.885,11.49,581,2.841,11.72
18:00:21.558 -> 1440905,613,2.998,11.19,584,2.855,12.17
18:00:22.558 -> 1441875,560,2.739,10.65,535,2.618,12.27
18:00:23.558 -> 1442899,584,2.858,10.79,571,2.793,12.43
18:00:24.558 -> 1443967,577,2.823,10.75,562,2.749,11.60
18:00:25.558 -> 1444874,638,3.122,11.82,622,3.040,12.22
18:00:26.558 -> 1445824,578,2.826,10.83,579,2.834,12.46
18:00:27.558 -> 1446829,613,3.000,10.55,578,2.826,11.99
18:00:28.558 -> 1447916,588,2.878,10.46,617,3.016,12.57
18:00:29.558 -> 1448876,605,2.961,11.19,576,2.817,12.58
18:00:30.558 -> 1449790,576,2.819,10.82,579,2.832,11.67
18:00:31.558 -> 1450828,580,2.837,10.85,558,2.731,12.02
18:00:32.558 -> 1451808,563,2.756,11.68,602,2.946,12.09
18:00:33.558 -> 1452904,583,2.851,11.79,547,2.676,11.44
18:00:34.558 -> 1453903,614,3.005,11.28,558,2.732,12.01
18:00:35.558 -> 1454896,590,2.884,11.93,582,2.845,12.01
18:00:36.558 -> 1455939,576,2.817,11.39,573,2.803,11.64
18:00:37.558 -> 1456884,574,2.809,11.84,590,2.884,12.01
18:00:38.558 -> 1457826,567,2.772,10.20,579,2.831,11.64
18:00:39.558 -> 1458803,586,2.864,10.35,617,3.018,11.44
18:00:40.558 -> 1459881,588,2.879,11.56,604,2.955,11.54
18:00:41.558 -> 1460934,564,2.759,11.40,577,2.824,12.37
18:00:42.558 -> 1461856,602,2.945,10.83,561,2.743,12.34
18:00:43.558 -> 1462832,573,2.802,11.57,555,2.717,11.77
18:00:44.558 -> 1463931,575,2.815,11.00,541,2.647,12.58
18:00:45.558 -> 1464952,589,2.882,10.09,571,2.794,11.33
18:00:46.558 -> 1465950,611,2.988,10.61,559,2.737,11.48
18:00:47.558 -> 1466878,592,2.894,11.61,575,2.814,13.07
18:00:48.558 -> 1467835,589,2.882,11.33,592,2.896,11.99
18:00:49.558 -> 1468753,597,2.919,10.88,537,2.627,13.38
18:00:50.558 -> 1469738,600,2.935,11.49,588,2.877,12.38
18:00:51.558 -> 1470786,607,2.969,10.69,571,2.794,12.59
18:00:52.558 -> 1471689,597,2.921,11.30,600,2.937,11.68
18:00:53.558 -> 1472679,597,2.922,11.38,586,2.868,11.93
18:00:54.558 -> 1473651,599,2.932,10.30,563,2.756,12.06
18:00:55.558 -> 1474656,563,2.753,10.60,586,2.869,12.21
18:00:56.558 -> 1475621,590,2.885,10.57,532,2.602,11.87
18:00:57.558 -> 1476645,553,2.703,10.99,578,2.829,12.12
18:00:58.558 -> 1477591,606,2.965,10.82,582,2.845,11.62
18:00:59.558 -> 1478667,539,2.638,10.35,585,2.862,10.93
18:01:00.558 -> 1479753,595,2.908,11.02,524,2.562,12.37
18:01:01.558 -> 1480698,628,3.074,10.64,553,2.706,11.90
18:01:02.558 -> 1481754,631,3.087,11.50,563,2.754,12.39
18:01:03.558 -> 1482725,607,2.970,11.27,576,2.817,11.31
18:01:04.558 -> 1483685,565,2.765,10.43,594,2.905,11.96
18:01:05.558 -> 1484686,568,2.778,10.95,556,2.721,11.61
18:01:06.558 -> 1485650,571,2.795,9.87,590,2.888,12.28
18:01:07.558 -> 1486660,603,2.950,11.31,547,2.676,11.25
18:01:08.558 -> 1487689,579,2.833,10.61,560,2.738,12.43
18:01:09.558 -> 1488729,608,2.975,10.58,589,2.881,11.79
18:01:10.558 -> 1489756,590,2.884,12.25,551,2.694,11.82
18:01:11.558 -> 1490795,580,2.839,11.39,558,2.729,13.06
18:01:12.558 -> 1491744,605,2.960,10.23,565,2.762,12.00
18:01:13.558 -> 1492715,589,2.883,11.32,571,2.794,11.27
18:01:14.558 -> 1493708,582,2.847,11.44,537,2.625,11.88
18:01:15.558 -> 1494793,597,2.921,10.87,581,2.840,11.87
18:01:16.558 -> 1495844,586,2.867,10.99,562,2.750,11.14
18:01:17.558 -> 1496817,552,2.701,10.69,544,2.661,11.70
18:01:18.558 -> 1497907,583,2.852,10.44,613,2.998,11.46
18:01:19.558 -> 1498909,606,2.964,10.71,576,2.819,12.51
18:01:20.558 -> 1499932,617,3.017,10.64,559,2.736,10.63
18:01:21.558 -> 1500841,595,2.908,10.78,535,2.619,12.10
18:01:22.558 -> 1501803,597,2.922,11.25,565,2.766,11.56
18:01:23.558 -> 1502772,611,2.991,10.76,546,2.672,12.44
18:01:24.558 -> 1503729,595,2.911,11.23,569,2.781,11.95
18:01:25.558 -> 1504671,600,2.935,12.03,567,2.776,11.91
18:01:26.558 -> 1505662,594,2.908,10.31,576,2.818,11.79
18:01:27.558 -> 1506740,598,2.927,10.81,603,2.950,11.98
18:01:28.558 -> 1507701,582,2.849,9.72,569,2.783,11.84
18:01:29.558 -> 1508630,604,2.953,10.65,575,2.811,12.43
18:01:30.558 -> 1509538,592,2.895,10.37,585,2.861,12.20
18:01:31.558 -> 1510471,607,2.967,11.59,624,3.054,11.50
18:01:32.558 -> 1511479,596,2.915,11.15,556,2.722,12.35
18:01:33.558 -> 1512496,588,2.878,10.76,548,2.679,12.36
18:01:34.558 -> 1513529,600,2.933,11.62,531,2.599,12.05
18:01:35.558 -> 1514520,608,2.976,10.13,560,2.739,12.78
18:01:36.558 -> 1515606,534,2.610,10.99,604,2.956,12.70
18:01:37.558 -> 1516581,558,2.732,10.85,570,2.789,11.19
18:01:38.558 -> 1517653,615,3.009,10.73,557,2.724,11.86
18:01:39.558 -> 1518613,593,2.901,10.26,562,2.751,11.28
18:01:40.558 -> 1519514,590,2.884,10.01,520,2.543,11.01
18:01:41.558 -> 1520502,594,2.904,9.81,597,2.918,13.04
18:01:42.558 -> 1521597,609,2.980,11.40,575,2.815,12.06
18:01:43.558 -> 1522634,600,2.936,10.75,553,2.705,11.83
18:01:44.558 -> 1523713,591,2.892,10.06,604,2.954,11.82
18:01:45.558 -> 1524652,589,2.879,11.71,561,2.746,11.62
18:01:46.558 -> 1525564,601,2.939,11.25,581,2.844,12.02
18:01:47.558 -> 1526624,585,2.860,10.63,570,2.790,12.31
18:01:48.558 -> 1527583,581,2.841,10.96,531,2.598,12.27
18:01:49.558 -> 1528484,602,2.944,10.60,583,2.850,11.67
18:01:50.558 -> 1529409,595,2.909,10.48,590,2.886,12.20
18:01:51.558 -> 1530418,582,2.849,10.53,598,2.923,11.89
18:01:52.558 -> 1531428,587,2.871,11.32,560,2.737,12.04
18:01:53.558 -> 1532383,579,2.834,11.54,565,2.764,12.62
18:01:54.558 -> 1533410,587,2.871,11.08,571,2.793,11.69
18:01:55.558 -> 1534508,565,2.763,10.45,574,2.810,12.17
18:01:56.558 -> 1535466,576,2.819,11.94,564,2.759,12.07
18:01:57.558 -> 1536413,594,2.907,11.52,578,2.828,12.13
18:01:58.558 -> 1537446,595,2.912,10.97,582,2.849,12.38
18:01:59.558 -> 1538502,592,2.898,10.51,571,2.795,11.38
18:02:00.558 -> 1539589,564,2.757,11.45,603,2.949,11.45
18:02:01.558 -> 1540636,613,2.997,10.66,533,2.610,12.13
18:02:02.558 -> 1541680,595,2.911,10.84,585,2.863,11.96
18:02:03.558 -> 1542653,562,2.751,11.83,584,2.857,11.73
18:02:04.558 -> 1543712,569,2.782,11.36,576,2.817,11.56
18:02:05.558 -> 1544770,548,2.682,11.14,590,2.885,11.36
18:02:06.558 -> 1545686,593,2.903,10.42,563,2.753,12.52
18:02:07.558 -> 1546628,557,2.725,11.05,539,2.637,10.75
18:02:08.558 -> 1547608,599,2.930,11.74,577,2.822,11.73
18:02:09.558 -> 1548672,601,2.938,11.35,612,2.991,10.91
18:02:10.558 -> 1549760,606,2.962,10.59,575,2.813,11.94
18:02:11.558 -> 1550785,599,2.932,10.68,534,2.611,12.09
18:02:12.558 -> 1551825,573,2.805,11.13,573,2.805,11.59
18:02:13.558 -> 1552806,576,2.819,11.09,547,2.675,11.87
18:02:14.558 -> 1553785,598,2.927,11.58,542,2.653,12.40
18:02:15.558 -> 1554860,592,2.898,10.96,564,2.760,12.11
18:02:16.558 -> 1555778,596,2.916,11.68,568,2.776,11.94
18:02:17.558 -> 1556731,570,2.788,11.53,551,2.697,12.18
18:02:18.558 -> 1557688,558,2.728,10.40,586,2.866,11.45
18:02:19.558 -> 1558632,582,2.846,10.90,570,2.786,11.58
18:02:20.558 -> 1559711,608,2.972,10.73,632,3.093,11.50
18:02:21.558 -> 1560679,574,2.807,10.70,578,2.827,11.55
18:02:22.558 -> 1561657,604,2.953,10.46,576,2.818,11.42
18:02:23.558 -> 1562574,587,2.870,10.68,598,2.924,12.61
18:02:24.558 -> 1563474,581,2.840,10.73,599,2.928,11.86
18:02:25.558 -> 1564562,590,2.884,11.11,557,2.725,11.54
18:02:26.558 -> 1565622,595,2.911,11.08,605,2.960,11.84
18:02:27.558 -> 1566542,619,3.027,10.51,539,2.638,12.19
18:02:28.558 -> 1567479,584,2.857,11.23,570,2.790,12.48
18:02:29.558 -> 1568525,613,2.998,11.14,544,2.661,11.76
18:02:30.558 -> 1569564,583,2.854,11.06,575,2.813,12.45
18:02:31.558 -> 1570661,617,3.019,11.79,593,2.902,11.73
18:02:32.558 -> 1571747,628,3.070,11.35,568,2.778,12.01
18:02:33.558 -> 1572787,575,2.811,10.81,569,2.782,10.55
18:02:34.558 -> 1573874,577,2.822,11.89,574,2.810,12.23
18:02:35.558 -> 1574826,575,2.811,11.26,555,2.713,11.65
18:02:36.558 -> 1575886,606,2.965,10.45,598,2.925,12.08
18:02:37.558 -> 1576824,611,2.988,10.66,587,2.871,11.46
18:02:38.558 -> 1577785,613,3.000,10.19,578,2.825,11.55
18:02:39.558 -> 1578799,605,2.960,10.01,589,2.880,12.35
18:02:40.558 -> 1579850,611,2.991,11.64,586,2.868,12.44
18:02:41.558 -> 1580838,588,2.876,11.58,557,2.726,11.27
18:02:42.558 -> 1581904,593,2.900,10.23,582,2.849,12.42
18:02:43.558 -> 1582805,603,2.949,10.77,562,2.747,12.42
18:02:44.558 -> 1583900,584,2.856,11.72,540,2.642,11.88
18:02:45.558 -> 1584991,604,2.953,11.43,570,2.788,12.30
18:02:46.558 -> 1586063,638,3.121,10.70,545,2.666,11.89
18:02:47.558 -> 1586993,601,2.941,10.26,543,2.655,12.63
18:02:48.558 -> 1587906,613,2.998,11.00,586,2.869,10.92
18:02:49.558 -> 1588897,572,2.797,11.53,544,2.659,11.78
18:02:50.558 -> 1589945,602,2.945,11.12,593,2.901,12.61
18:02:51.558 -> 1590889,612,2.995,11.59,570,2.790,12.94
18:02:52.558 -> 1591794,625,3.059,10.72,556,2.720,12.02
18:02:53.558 -> 1592762,595,2.911,11.07,546,2.669,11.69
18:02:54.558 -> 1593772,574,2.810,10.73,559,2.733,12.51
18:02:55.558 -> 1594709,616,3.015,10.39,582,2.847,11.41
18:02:56.558 -> 1595768,601,2.942,11.63,585,2.864,11.83
18:02:57.558 -> 1596812,563,2.756,10.71,533,2.609,11.73
18:02:58.558 -> 1597744,605,2.957,10.50,578,2.825,11.78
18:02:59.558 -> 1598821,637,3.118,11.10,569,2.785,12.48
18:03:00.558 -> 1599766,597,2.919,10.52,573,2.803,11.71
18:03:01.558 -> 1600719,591,2.889,10.85,561,2.745,12.08
18:03:02.558 -> 1601736,590,2.887,10.79,586,2.868,11.62
18:03:03.558 -> 1602758,580,2.838,10.49,558,2.729,12.08
18:03:04.558 -> 1603782,610,2.982,11.41,592,2.895,12.61
18:03:05.558 -> 1604750,597,2.920,10.90,588,2.874,12.25
18:03:06.558 -> 1605715,547,2.676,11.00,590,2.886,11.33
18:03:07.558 -> 1606661,587,2.870,11.59,559,2.735,12.26
18:03:08.558 -> 1607719,594,2.907,11.51,626,3.064,12.30
18:03:09.558 -> 1608685,555,2.715,11.10,578,2.827,11.93
18:03:10.558 -> 1609687,640,3.132,11.30,554,2.709,11.98
18:03:11.558 -> 1610743,577,2.823,10.73,602,2.946,12.40
18:03:12.558 -> 1611757,605,2.958,10.25,576,2.818,12.23
18:03:13.558 -> 1612739,611,2.990,10.50,609,2.981,12.28
18:03:14.558 -> 1613691,625,3.055,11.16,597,2.922,12.07
18:03:15.558 -> 1614685,579,2.832,10.06,585,2.860,11.19
18:03:16.558 -> 1615603,590,2.886,11.39,573,2.803,12.15
18:03:17.558 -> 1616685,608,2.975,11.06,570,2.789,11.69
18:03:18.558 -> 1617679,621,3.038,10.92,540,2.643,11.43
18:03:19.558 -> 1618592,607,2.971,11.11,585,2.862,11.45
18:03:20.558 -> 1619670,603,2.948,10.53,578,2.828,11.83
18:03:21.558 -> 1620635,641,3.134,10.57,583,2.853,11.64
18:03:22.558 -> 1621704,620,3.032,10.89,573,2.805,12.50
18:03:23.558 -> 1622803,576,2.815,11.44,582,2.846,11.38
18:03:24.558 -> 1623887,607,2.969,11.06,603,2.947,12.07
18:03:25.558 -> 1624815,565,2.766,11.61,596,2.915,11.95
18:03:26.558 -> 1625855,569,2.783,10.38,573,2.803,12.01
18:03:27.558 -> 1626929,597,2.919,11.30,591,2.890,11.31
18:03:28.558 -> 1627849,593,2.898,11.34,584,2.859,11.89
18:03:29.558 -> 1628751,620,3.033,12.10,565,2.764,11.28
18:03:30.558 -> 1629847,573,2.802,11.28,589,2.884,11.68
18:03:31.558 -> 1630802,608,2.972,11.22,569,2.784,11.54
18:03:32.558 -> 1631808,616,3.013,10.10,603,2.950,12.61
18:03:33.558 -> 1632761,602,2.946,11.07,609,2.978,12.17
18:03:34.558 -> 1633781,616,3.014,10.92,569,2.784,12.22
18:03:35.558 -> 1634846,563,2.752,10.16,576,2.820,11.88
18:03:36.558 -> 1635850,635,3.108,11.18,570,2.789,12.62
18:03:37.558 -> 1636860,557,2.727,11.98,571,2.794,11.63
18:03:38.558 -> 1637819,584,2.854,11.29,546,2.672,12.37
18:03:39.558 -> 1638795,592,2.896,10.05,536,2.620,11.21
18:03:40.558 -> 1639819,609,2.980,11.17,539,2.638,11.65
18:03:41.558 -> 1640832,554,2.712,11.72,549,2.685,11.77
18:03:42.558 -> 1641841,567,2.774,10.31,574,2.809,12.49
18:03:43.558 -> 1642874,592,2.896,10.85,561,2.746,11.33
18:03:44.558 -> 1643804,592,2.894,10.67,593,2.898,12.06
18:03:45.558 -> 1644804,629,3.075,10.98,584,2.856,11.93
18:03:46.558 -> 1645819,571,2.791,10.84,601,2.942,12.01
18:03:47.558 -> 1646881,590,2.885,11.93,542,2.652,11.11
18:03:48.558 -> 1647952,564,2.757,11.20,589,2.883,11.68
18:03:49.558 -> 1648943,591,2.891,10.89,591,2.890,11.70
18:03:50.558 -> 1649843,614,3.004,10.99,593,2.902,10.82
18:03:51.558 -> 1650915,613,2.997,11.80,566,2.770,12.76
18:03:52.558 -> 1651974,588,2.878,10.53,600,2.933,12.46
18:03:53.558 -> 1652987,592,2.895,10.94,593,2.903,11.28
18:03:54.558 -> 1654083,600,2.937,11.25,580,2.839,11.80
18:03:55.558 -> 1655171,592,2.894,10.74,566,2.769,11.60
18:03:56.558 -> 1656175,585,2.861,9.90,601,2.939,11.33
18:03:57.558 -> 1657221,584,2.855,10.81,547,2.677,12.65
18:03:58.558 -> 1658212,596,2.915,10.68,614,3.004,12.18
18:03:59.558 -> 1659148,603,2.948,11.73,586,2.864,12.08
18:04:00.558 -> 1660153,568,2.779,11.03,575,2.811,12.09
18:04:01.558 -> 1661207,610,2.983,10.69,601,2.939,12.32
18:04:02.558 -> 1662269,586,2.868,10.27,586,2.867,12.33
18:04:03.558 -> 1663317,613,3.001,10.36,581,2.841,11.60
18:04:04.558 -> 1664296,574,2.807,10.43,565,2.765,11.71
18:04:05.558 -> 1665301,575,2.812,10.49,594,2.903,12.45
18:04:06.558 -> 1666330,589,2.879,10.56,578,2.827,11.68
18:04:07.558 -> 1667357,589,2.881,11.61,547,2.676,12.30
18:04:08.558 -> 1668277,590,2.885,11.77,556,2.718,13.10
18:04:09.558 -> 1669281,579,2.834,10.61,592,2.895,11.13
18:04:10.558 -> 1670380,583,2.851,10.29,562,2.748,12.31
18:04:11.558 -> 1671300,561,2.744,11.71,580,2.835,12.14
18:04:12.558 -> 1672211,587,2.872,10.75,564,2.760,12.46
18:04:13.558 -> 1673157,592,2.894,10.67,578,2.827,11.78
18:04:14.558 -> 1674139,588,2.878,10.13,562,2.750,12.87
18:04:15.558 -> 1675234,613,2.997,11.31,539,2.635,11.48
18:04:16.558 -> 1676154,565,2.762,11.57,532,2.601,11.36
18:04:17.558 -> 1677151,550,2.692,10.88,616,3.015,11.23
18:04:18.558 -> 1678091,601,2.940,10.66,568,2.780,11.74
18:04:19.558 -> 1679083,606,2.962,10.29,535,2.619,12.59
18:04:20.558 -> 1680018,590,2.886,11.23,587,2.873,12.42
18:04:21.558 -> 1680923,601,2.940,11.07,615,3.010,11.31
18:04:22.558 -> 1682010,585,2.860,10.59,569,2.782,12.40
18:04:23.558 -> 1682977,635,3.106,10.28,562,2.748,11.94
18:04:24.558 -> 1683892,565,2.766,10.84,603,2.948,12.51
18:04:25.558 -> 1684938,551,2.693,10.89,555,2.713,12.56
18:04:26.558 -> 1685976,595,2.912,10.36,590,2.888,11.28
18:04:27.558 -> 1686975,578,2.825,10.85,587,2.871,11.75
18:04:28.558 -> 1688071,608,2.974,10.65,580,2.836,12.04
18:04:29.558 -> 1689063,585,2.860,11.16,592,2.894,11.23
18:04:30.558 -> 1690013,556,2.720,11.17,580,2.836,11.66
18:04:31.558 -> 1691035,594,2.906,10.74,559,2.736,12.17
18:04:32.558 -> 1692066,588,2.877,11.27,577,2.823,11.18
18:04:33.558 -> 1693136,582,2.845,11.25,556,2.719,12.75
18:04:34.558 -> 1694148,608,2.973,11.91,544,2.660,10.37
18:04:35.558 -> 1695194,545,2.667,10.82,562,2.751,11.93
18:04:36.558 -> 1696212,624,3.053,11.61,560,2.737,11.64
18:04:37.558 -> 1697196,565,2.762,11.45,588,2.878,11.55
18:04:38.558 -> 1698112,579,2.833,10.42,573,2.801,12.13
18:04:39.558 -> 1699028,594,2.903,11.37,591,2.890,11.84
18:04:40.558 -> 1700127,578,2.829,11.18,559,2.732,11.39
18:04:41.558 -> 1701160,569,2.782,11.50,558,2.730,12.06
18:04:42.558 -> 1702060,588,2.878,10.54,565,2.764,12.74
18:04:43.558 -> 1703015,590,2.885,10.83,566,2.767,11.83
18:04:44.558 -> 1703926,577,2.821,11.69,579,2.832,11.67
18:04:45.558 -> 1704934,599,2.931,11.08,563,2.754,12.21
18:04:46.558 -> 1705912,587,2.872,11.38,530,2.594,12.38
18:04:47.558 -> 1706932,607,2.970,12.25,568,2.777,11.30
18:04:48.558 -> 1707900,578,2.828,10.84,540,2.639,11.81
18:04:49.558 -> 1708930,618,3.025,11.43,611,2.991,11.76
18:04:50.558 -> 1709997,602,2.944,10.31,594,2.907,11.87
18:04:51.558 -> 1711022,588,2.877,10.90,550,2.692,11.68
18:04:52.558 -> 1711992,604,2.957,10.65,599,2.931,11.21
18:04:53.558 -> 1712965,570,2.788,10.99,579,2.831,12.41
18:04:54.558 -> 1714037,538,2.630,11.17,565,2.765,11.96
18:04:55.558 -> 1714997,610,2.984,11.30,565,2.766,12.14
18:04:56.558 -> 1715965,603,2.950,11.01,563,2.755,12.10
18:04:57.558 -> 1716909,618,3.025,11.04,552,2.702,12.33
18:04:58.558 -> 1717809,579,2.831,11.41,553,2.705,12.35
18:04:59.558 -> 1718903,582,2.847,10.75,554,2.710,11.10
18:05:00.558 -> 1719869,594,2.905,11.01,592,2.895,12.18
18:05:01.558 -> 1720831,561,2.742,10.59,580,2.839,12.29
18:05:02.558 -> 1721840,570,2.790,10.99,552,2.702,12.33
18:05:03.558 -> 1722888,574,2.807,11.34,597,2.921,12.51
18:05:04.558 -> 1723929,591,2.889,11.56,586,2.869,12.70
18:05:05.558 -> 1724845,597,2.918,10.48,541,2.644,11.63
18:05:06.558 -> 1725861,623,3.048,10.90,577,2.822,12.64
18:05:07.558 -> 1726776,605,2.962,11.19,569,2.786,11.55
18:05:08.558 -> 1727856,565,2.762,11.11,549,2.685,11.52
18:05:09.558 -> 1728847,637,3.117,9.85,602,2.946,12.45
18:05:10.558 -> 1729811,622,3.043,10.87,554,2.712,12.13
18:05:11.558 -> 1730868,633,3.095,10.88,589,2.881,13.15
18:05:12.558 -> 1731785,572,2.796,10.52,547,2.676,12.00
18:05:13.558 -> 1732776,610,2.986,10.13,611,2.989,12.34
18:05:14.558 -> 1733809,613,2.997,10.15,577,2.820,11.60
18:05:15.558 -> 1734777,555,2.714,11.51,590,2.884,11.69
18:05:16.558 -> 1735833,609,2.977,11.00,595,2.909,13.18
18:05:17.558 -> 1736776,594,2.906,10.19,554,2.709,10.94
18:05:18.558 -> 1737844,579,2.835,9.98,580,2.837,12.73
18:05:19.558 -> 1738854,598,2.923,10.43,556,2.718,11.63
18:05:20.558 -> 1739830,621,3.040,10.80,591,2.891,11.47
18:05:21.558 -> 1740737,577,2.824,10.80,580,2.838,11.34
18:05:22.558 -> 1741764,592,2.898,10.13,546,2.670,11.83
18:05:23.558 -> 1742708,611,2.990,11.60,575,2.811,11.91
18:05:24.558 -> 1743781,573,2.802,11.90,584,2.855,11.53
18:05:25.558 -> 1744735,576,2.819,10.53,578,2.827,12.40
18:05:26.558 -> 1745807,576,2.820,11.32,564,2.759,12.24
18:05:27.558 -> 1746861,587,2.872,11.24,564,2.759,11.21
18:05:28.558 -> 1747782,601,2.942,11.05,578,2.826,12.24
18:05:29.558 -> 1748696,620,3.032,11.64,575,2.814,11.96
18:05:30.558 -> 1749717,591,2.893,10.99,580,2.839,11.73
18:05:31.558 -> 1750742,603,2.948,10.76,570,2.790,11.44
18:05:32.558 -> 1751692,593,2.902,11.07,562,2.748,11.54
18:05:33.558 -> 1752716,570,2.789,10.52,588,2.877,12.09
18:05:34.558 -> 1753714,616,3.013,10.92,562,2.750,10.70
18:05:35.558 -> 1754650,617,3.019,10.93,527,2.578,11.30
18:05:36.558 -> 1755553,618,3.022,9.80,571,2.795,11.80
18:05:37.558 -> 1756489,625,3.058,10.30,543,2.656,11.15